12
10
m 0 0
1 11 9
2 11 9
3 11 9
p 2 5
p 3 2
p 3 4
p 3 8
p 4 2
p 4 3
p 4 8
p 5 4
p 7 4
p 7 5
p 8 6
p 9 6
p 10 5
t 240 0
m 1 0
1 11 8
2 11 8
3 11 8
t 239 0
m 0 0
1 10 8
2 11 7
3 11 9
t 238 0
m 1 0
1 9 8
2 11 6
3 10 9
t 237 0
m 2 0
1 10 8
2 10 6
3 10 8
t 236 0
m 1 0
1 10 7
2 11 6
3 10 9
t 235 0
m 1 1
1 11 7
2 11 7
3 11 9
t 234 0
m 0 1
1 10 7
2 10 7
3 10 9
t 233 0
m 0 2
1 10 6
2 9 7
3 9 9
t 232 0
m 0 3
1 11 6
2 9 6
3 9 8
t 231 0
m 1 3
1 11 5
2 9 5
3 9 9
t 230 0
m 2 3
1 11 4
2 9 4
3 10 9
t 229 0
m 3 3
1 11 5
2 8 4
3 11 9
t 228 0
m 4 3
1 10 5
2 7 4
3 10 9
t 227 7
m 5 3
1 10 4
2 8 4
3 9 9
t 226 7
m 5 4
1 10 5
2 8 5
3 8 9
t 225 15
m 5 3
1 11 5
2 8 4
3 8 8
t 224 15
m 6 3
1 11 6
2 9 4
3 8 9
t 223 15
m 6 4
1 11 5
2 9 3
3 7 9
t 222 15
m 5 4
1 11 6
2 8 3
3 7 8
t 221 15
m 6 4
1 11 7
2 8 4
3 7 9
t 220 15
m 6 3
1 11 6
2 8 3
3 8 9
t 219 15
m 6 2
1 10 6
2 7 3
3 9 9
t 218 15
m 5 2
1 9 6
2 6 3
3 10 9
t 217 15
m 5 1
1 8 6
2 5 3
3 10 8
t 216 15
m 5 2
1 7 6
2 4 3
3 11 8
t 215 15
m 5 1
1 7 7
2 5 3
3 11 9
t 214 15
m 5 0
1 7 8
2 4 3
3 10 9
t 213 15
m 6 0
1 6 8
2 5 3
3 9 9
t 212 15
m 7 0
1 6 7
2 6 3
3 8 9
t 211 15
m 7 1
1 6 6
2 6 4
3 8 8
t 210 15
m 7 0
1 7 6
2 7 4
3 9 8
t 209 15
m 6 0
1 8 6
2 7 5
3 10 8
t 208 15
m 5 0
1 9 6
2 7 4
3 10 9
t 207 15
m 6 0
1 8 6
2 8 4
3 11 9
t 206 15
m 5 0
1 9 6
2 8 5
3 11 8
t 205 15
m 4 0
1 8 6
2 7 5
3 11 9
t 204 15
m 3 0
1 8 5
2 7 6
3 11 8
t 203 15
m 3 1
1 9 5
2 7 5
3 11 9
t 202 15
m 3 0
1 9 6
2 7 4
3 10 9
t 201 15
m 3 1
1 9 7
2 8 4
3 11 9
t 200 15
m 2 1
1 9 6
2 7 4
3 10 9
t 199 15
m 3 1
1 10 6
2 7 5
3 10 8
t 198 15
m 4 1
1 9 6
2 6 5
3 9 8
t 197 15
m 3 1
1 9 7
2 6 4
3 9 9
t 196 15
m 3 2
1 9 8
2 7 4
3 9 8
t 195 23
m 2 2
1 8 8
2 6 4
3 9 7
t 194 23
m 2 1
1 7 8
2 6 5
3 9 8
t 193 23
m 3 1
1 6 8
2 7 5
3 8 8
t 192 23
m 3 0
1 6 9
2 6 5
3 9 8
t 191 23
m 4 0
1 7 9
2 6 4
3 9 9
t 190 23
m 3 0
1 7 8
2 7 4
3 8 9
t 189 23
m 2 0
1 6 8
2 7 3
3 7 9
t 188 23
m 2 1
1 5 8
2 7 4
3 6 9
t 187 23
m 2 0
1 4 8
2 7 3
3 6 8
t 186 23
m 1 0
1 3 8
2 8 3
3 5 8
t 185 23
m 2 0
1 4 8
2 7 3
3 5 9
t 184 23
m 3 0
1 4 7
2 8 3
3 6 9
t 183 23
m 4 0
1 5 7
2 9 3
3 5 9
t 182 23
m 4 1
1 5 6
2 10 3
3 5 8
t 181 23
m 4 0
1 6 6
2 9 3
3 6 8
t 180 23
m 4 1
1 6 5
2 9 4
3 6 9
t 179 23
m 5 1
1 6 6
2 10 4
3 7 9
t 178 23
m 5 2
1 6 7
2 11 4
3 8 9
t 177 23
m 6 2
1 7 7
2 11 3
3 8 8
t 176 23
m 6 1
1 8 7
2 11 4
3 8 9
t 175 23
m 6 0
1 8 8
2 11 3
3 9 9
t 174 23
m 6 1
1 8 9
2 10 3
3 10 9
t 173 23
m 6 0
1 9 9
2 11 3
3 10 8
t 172 23
m 5 0
1 10 9
2 10 3
3 10 7
t 171 23
m 4 0
1 11 9
2 11 3
3 10 8
t 170 23
m 5 0
1 10 9
2 11 2
3 9 8
t 169 23
m 5 1
1 10 8
2 11 1
3 9 7
t 168 23
m 5 2
1 10 7
2 11 0
3 10 7
t 167 23
m 5 1
1 9 7
2 10 0
3 10 8
t 166 23
m 5 2
1 9 8
2 9 0
3 10 9
t 165 23
m 5 3
1 9 7
2 10 0
3 10 8
t 164 23
m 6 3
1 10 7
2 10 1
3 10 9
t 163 23
m 5 3
1 11 7
2 9 1
3 10 8
t 162 23
m 4 3
1 10 7
2 8 1
3 11 8
t 161 23
m 4 4
1 10 8
2 7 1
3 11 9
t 160 23
m 4 5
1 10 7
2 6 1
3 10 9
t 159 23
m 4 4
1 10 8
2 6 2
3 10 8
t 158 23
m 3 4
1 10 9
2 6 3
3 9 8
t 157 30
m 4 4
1 11 9
2 6 2
3 10 8
t 156 30
m 3 4
1 10 9
2 7 2
3 10 7
t 155 30
m 3 3
1 9 9
2 6 2
3 10 6
t 154 30
m 3 2
1 8 9
2 7 2
3 10 5
t 153 30
m 3 3
1 9 9
2 8 2
3 11 5
t 152 30
m 2 3
1 8 9
2 8 3
3 11 4
t 151 30
m 1 3
1 8 8
2 7 3
3 10 4
t 150 30
m 2 3
1 7 8
2 7 4
3 11 4
t 149 30
m 2 4
1 7 9
2 6 4
3 11 5
t 148 30
m 2 5
1 7 8
2 5 4
3 11 4
t 147 38
m 2 4
1 6 8
2 5 5
3 11 3
t 146 38
m 2 5
1 7 8
2 5 4
3 11 2
t 145 38
m 2 6
1 7 7
2 5 3
3 11 1
t 144 38
m 3 6
1 6 7
2 6 3
3 10 1
t 143 38
m 3 7
1 6 8
2 6 4
3 10 2
t 142 38
m 3 8
1 7 8
2 6 3
3 9 2
t 141 46
m 3 9
1 8 8
2 7 3
3 9 3
t 140 46
m 2 9
1 8 9
2 8 3
3 8 3
t 139 46
m 1 9
1 9 9
2 9 3
3 8 2
t 138 46
m 1 8
1 10 9
2 9 4
3 8 3
t 137 46
m 1 7
1 11 9
2 9 3
3 9 3
t 136 46
m 1 6
1 11 8
2 9 2
3 9 2
t 135 46
m 1 7
1 11 7
2 9 1
3 9 1
t 134 46
m 1 8
1 10 7
2 9 0
3 9 0
t 133 46
m 0 8
1 9 7
2 9 1
3 8 0
t 132 46
m 0 7
1 10 7
2 9 2
3 8 1
t 131 46
m 1 7
1 10 6
2 9 1
3 7 1
t 130 46
m 1 8
1 9 6
2 9 0
3 7 0
t 129 46
m 1 7
1 9 5
2 8 0
3 6 0
t 128 46
m 0 7
1 8 5
2 9 0
3 6 1
t 127 46
m 0 8
1 7 5
2 9 1
3 6 0
t 126 46
m 0 9
1 7 4
2 10 1
3 6 1
t 125 46
m 1 9
1 7 5
2 9 1
3 6 0
t 124 46
m 2 9
1 8 5
2 9 0
3 6 1
t 123 46
m 1 9
1 8 4
2 10 0
3 5 1
t 122 46
m 1 8
1 8 3
2 10 1
3 5 2
t 121 46
m 1 9
1 8 2
2 10 2
3 6 2
t 120 46
m 1 8
1 7 2
2 10 1
3 6 1
t 119 46
m 0 8
1 7 1
2 9 1
3 7 1
t 118 46
m 0 9
1 8 1
2 9 0
3 7 2
t 117 46
m 0 8
1 8 2
2 10 0
3 7 1
t 116 46
m 0 9
1 8 3
2 10 1
3 7 2
t 115 46
m 1 9
1 7 3
2 10 0
3 7 1
t 114 46
m 0 9
1 7 4
2 9 0
3 6 1
t 113 46
m 1 9
1 7 3
2 9 1
3 6 0
t 112 46
m 0 9
1 7 2
2 8 1
3 6 1
t 111 46
m 1 9
1 8 2
2 9 1
3 7 1
t 110 46
m 1 8
1 9 2
2 9 0
3 8 1
t 109 46
m 1 7
1 8 2
2 9 1
3 9 1
t 108 46
m 2 7
1 8 1
2 8 1
3 9 0
t 107 46
m 2 6
1 7 1
2 8 2
3 10 0
t 106 46
m 2 5
1 6 1
2 9 2
3 10 1
t 105 46
m 3 5
1 6 0
2 9 1
3 10 2
t 104 46
m 4 5
1 6 1
2 10 1
3 10 1
t 103 46
m 3 5
1 5 1
2 11 1
3 9 1
t 102 46
m 4 5
1 4 1
2 11 0
3 9 2
t 101 46
m 5 5
1 3 1
2 10 0
3 9 1
t 100 46
m 5 6
1 4 1
2 9 0
3 9 2
t 99 46
m 6 6
1 3 1
2 9 1
3 8 2
t 98 46
m 6 5
1 3 0
2 9 2
3 9 2
t 97 46
m 7 5
1 2 0
2 9 1
3 9 1
t 96 53
m 6 5
1 2 1
2 9 0
3 9 2
t 95 53
m 6 4
1 1 1
2 8 0
3 9 3
t 94 53
m 6 5
1 1 2
2 8 1
3 9 4
t 93 53
m 6 4
1 2 2
2 8 0
3 10 4
t 92 53
m 6 5
1 1 2
2 8 1
3 11 4
t 91 53
m 7 5
1 0 2
2 8 0
3 11 3
t 90 53
m 7 6
1 0 1
2 8 1
3 10 3
t 89 53
m 8 6
1 0 2
2 8 0
3 10 4
t 88 61
m 8 7
1 1 2
2 7 0
3 9 4
t 87 61
m 9 7
1 1 1
2 8 0
3 9 5
t 86 61
m 9 6
1 0 1
2 8 1
3 10 5
t 85 69
m 9 7
1 0 0
2 8 0
3 11 5
t 84 69
m 9 6
1 0 1
2 9 0
3 10 5
t 83 69
m 8 6
1 0 2
2 9 1
3 10 4
t 82 69
m 9 6
1 1 2
2 10 1
3 11 4
t 81 69
m 8 6
1 2 2
2 9 1
3 11 3
t 80 69
m 7 6
1 2 1
2 9 2
3 10 3
t 79 69
m 7 5
1 3 1
2 10 2
3 10 2
t 78 69
m 6 5
1 2 1
2 11 2
3 10 1
t 77 69
m 7 5
1 2 2
2 10 2
3 9 1
t 76 69
m 7 4
1 3 2
2 10 3
3 10 1
t 75 76
m 8 4
1 2 2
2 10 2
3 9 1
t 74 76
m 9 4
1 1 2
2 10 1
3 8 1
t 73 76
m 10 4
1 1 1
2 10 0
3 7 1
t 72 76
m 11 4
1 2 1
2 11 0
3 7 0
t 71 76
m 11 5
1 2 0
2 10 0
3 7 1
t 70 76
m 11 6
1 1 0
2 9 0
3 8 1
t 69 76
m 11 5
1 0 0
2 10 0
3 8 0
t 68 76
m 11 6
1 0 1
2 11 0
3 9 0
t 67 76
m 11 5
1 1 1
2 10 0
3 9 1
t 66 76
m 10 5
1 0 1
2 9 0
3 9 2
t 65 84
m 10 4
1 0 0
2 9 1
3 10 2
t 64 84
m 11 4
1 0 1
2 8 1
3 9 2
t 63 84
m 11 3
1 0 2
2 7 1
3 8 2
t 62 84
m 11 2
1 0 3
2 8 1
3 7 2
t 61 84
m 11 3
1 0 4
2 7 1
3 6 2
t 60 84
m 11 2
1 0 3
2 8 1
3 6 3
t 59 84
m 10 2
1 1 3
2 7 1
3 5 3
t 58 84
m 11 2
1 2 3
2 7 0
3 5 2
t 57 84
m 11 1
1 2 4
2 7 1
3 5 3
t 56 84
m 11 2
1 2 3
2 7 0
3 5 4
t 55 84
m 10 2
1 2 2
2 8 0
3 5 5
t 54 84
m 10 1
1 2 3
2 8 1
3 5 6
t 53 84
m 10 2
1 1 3
2 7 1
3 5 5
t 52 84
m 9 2
1 2 3
2 6 1
3 4 5
t 51 84
m 8 2
1 3 3
2 6 2
3 3 5
t 50 84
m 8 3
1 3 4
2 5 2
3 4 5
t 49 84
m 9 3
1 4 4
2 5 3
3 5 5
t 48 84
m 10 3
1 4 3
2 6 3
3 6 5
t 47 84
m 10 2
1 3 3
2 6 4
3 6 4
t 46 84
m 10 1
1 4 3
2 7 4
3 7 4
t 45 84
m 10 0
1 3 3
2 8 4
3 7 5
t 44 84
m 9 0
1 3 2
2 8 5
3 8 5
t 43 84
m 10 0
1 2 2
2 7 5
3 8 6
t 42 84
m 10 1
1 3 2
2 7 4
3 8 7
t 41 84
m 11 1
1 4 2
2 6 4
3 7 7
t 40 84
m 11 2
1 3 2
2 6 3
3 8 7
t 39 84
m 11 1
1 4 2
2 6 4
3 9 7
t 38 84
m 11 2
1 3 2
2 6 3
3 9 6
t 37 84
m 10 2
1 4 2
2 5 3
3 9 7
t 36 84
m 11 2
1 3 2
2 4 3
3 9 8
t 35 84
m 11 1
1 2 2
2 4 2
3 9 7
t 34 84
m 11 2
1 2 1
2 3 2
3 9 6
t 33 84
m 11 3
1 1 1
2 3 1
3 10 6
t 32 84
m 11 4
1 2 1
2 2 1
3 9 6
t 31 84
m 10 4
1 2 2
2 2 2
3 9 5
t 30 84
m 10 5
1 1 2
2 2 3
3 9 6
t 29 84
m 11 5
1 1 1
2 2 4
3 9 7
t 28 84
m 11 4
1 1 0
2 3 4
3 9 8
t 27 84
m 10 4
1 2 0
2 2 4
3 9 9
t 26 84
m 9 4
1 3 0
2 1 4
3 8 9
t 25 84
m 8 4
1 3 1
2 1 3
3 7 9
t 24 84
m 7 4
1 2 1
2 2 3
3 8 9
t 23 84
m 7 3
1 2 0
2 2 4
3 7 9
t 22 84
m 6 3
1 1 0
2 3 4
3 6 9
t 21 84
m 6 4
1 0 0
2 2 4
3 6 8
t 20 84
m 6 5
1 0 1
2 2 5
3 5 8
t 19 84
m 6 4
1 0 2
2 3 5
3 5 7
t 18 84
m 5 4
1 0 3
2 4 5
3 6 7
t 17 84
m 6 4
1 1 3
2 4 6
3 6 6
t 16 84
m 6 3
1 0 3
2 5 6
3 7 6
t 15 84
m 7 3
1 1 3
2 5 5
3 6 6
t 14 84
m 6 3
1 1 4
2 6 5
3 6 7
t 13 84
m 6 2
1 1 5
2 6 4
3 6 8
t 12 84
m 6 3
1 0 5
2 7 4
3 5 8
t 11 84
m 6 2
1 0 4
2 8 4
3 5 9
t 10 84
m 5 2
1 1 4
2 7 4
3 6 9
t 9 84
m 5 1
1 0 4
2 8 4
3 7 9
t 8 84
m 5 2
1 1 4
2 9 4
3 7 8
t 7 84
m 4 2
1 0 4
2 9 5
3 7 7
t 6 92
m 5 2
1 0 5
2 9 4
3 8 7
t 5 92
m 4 2
1 1 5
2 9 3
3 7 7
t 4 92
m 3 2
1 1 6
2 9 4
3 6 7
t 3 92
m 4 2
1 1 7
2 9 3
3 7 7
t 2 92
m 4 3
1 1 6
2 9 4
3 8 7
t 1 92
m 5 3
1 2 6
2 10 4
3 8 6
t 0 92
