Test1
1784 248
1778 250
1775 258
1748 262
1768 261
1788 236
1741 264
1717 273
1787 243
1555 301
1732 266
1574 300
1722 269
1746 263
1699 280
1658 284
1677 283
1679 281
1724 268
1650 286
1619 291
1731 267
1646 287
1519 303
1794 228
1626 290
1708 274
1655 285
1473 306
1533 302
1586 297
1604 294
1638 288
1589 295

Test2
1822 244
1847 224
1836 229
1809 255
1723 274
1839 225
1833 242
1784 260
1766 267
1783 265
1698 277
1674 280
1669 281
1746 269
1701 276
1703 275
1744 273
1675 279
1650 283
1810 247

Test3
1611 192
1649 179
1550 211
1647 181
1588 204
1529 223
1605 199
1622 189
1541 217
1564 205
1624 186
Run 14
1605 192
1562 203
1643 181
1512 212
1614 190
1630 183
1545 206
1580 201

Test4
1689 231
1688 232
1687 233
1682 235
1679 236
1679 236
1679 236
1676 237
1672 238
1672 238
1668 239
1668 239
1672 238
1668 239
1668 239
1668 239
1664 240
1664 240
1668 239
1660 241
1656 242
1676 237
1672 238
1668 239
1664 240
1664 240
1660 241
1664 240
1668 239
1664 240
1660 241
1660 241
1656 242
1656 242
1642 245
1664 240
1660 241
1664 240
1660 241
1660 241
1664 240
1660 241
1660 241
1632 247
1637 246
1632 247
1632 247
1622 249
1595 253
1584 254

Test5
1609 198
1595 204
1668 183
1576 215
1487 229
1535 221
1628 196
1380 234
1692 147
1653 189
1445 233
1689 169
1683 174
1658 188
1578 213
1672 179
1639 195
1493 225
1587 209
1555 218