From log file: logs/3withboth.txt

Evals | 1 2 3 ... AVG
150	167	167	167	167	167	168	167	167	166	167	167	167	166	167	167	166	167	166	165	167	168	168	167	168	167	167	167	167	165	168	
200	169	168	168	169	169	169	168	168	167	168	168	168	167	168	168	168	168	167	167	169	169	169	169	169	168	168	168	169	166	169	
250	170	169	170	170	170	170	169	169	168	169	170	169	168	169	168	169	170	168	168	170	170	170	170	169	169	169	170	170	167	170	
300	171	170	171	172	171	171	170	170	169	170	171	170	169	170	169	169	171	169	169	172	171	171	172	171	170	169	171	172	168	170	
350	172	171	172	173	172	172	172	172	170	172	172	171	170	171	170	171	173	171	171	174	172	173	173	172	172	171	172	173	170	171	
400	174	172	173	174	173	173	173	174	172	174	174	172	170	173	171	172	175	172	172	176	174	174	174	173	173	172	173	175	171	173	
450	175	174	174	176	174	175	174	175	173	175	175	173	171	174	172	174	177	174	174	178	175	176	176	175	174	173	174	177	172	174	
500	176	175	176	177	175	176	175	177	175	177	176	174	172	176	173	175	178	175	175	179	176	177	177	177	175	174	175	178	174	176	
550	178	176	177	178	176	176	176	178	176	179	177	174	174	177	175	177	179	176	176	180	177	179	178	178	176	175	176	180	175	177	
600	179	177	178	179	176	178	178	179	178	180	178	175	175	179	176	178	180	178	178	181	179	180	179	180	177	176	177	181	176	179	
650	180	178	179	180	178	179	179	180	179	181	179	176	177	180	177	179	181	179	179	182	180	181	179	182	178	177	178	182	177	180	
700	181	179	180	181	178	180	181	180	180	183	180	177	178	181	178	180	183	180	180	184	181	182	180	184	179	178	178	183	178	182	
750	183	180	181	182	179	181	182	181	181	184	181	178	179	182	179	181	184	182	181	185	182	183	181	185	180	179	179	184	179	183	
800	183	181	182	183	180	182	183	182	182	185	182	178	180	183	181	182	185	183	182	186	184	184	182	186	181	180	180	185	180	184	
850	185	182	183	183	181	183	185	183	183	186	184	179	182	184	182	183	186	184	183	188	185	185	183	188	182	181	181	186	181	185	
900	186	182	184	184	182	184	185	184	184	188	185	180	183	185	183	184	187	185	183	189	187	187	184	189	183	182	182	186	181	186	
950	187	183	185	185	183	185	186	184	185	189	186	181	185	186	184	185	188	186	184	190	188	188	185	189	184	183	182	187	182	186	
1000	188	184	186	185	184	186	187	185	185	189	187	181	186	186	185	186	188	187	185	191	189	188	186	190	184	184	183	187	183	187	
1050	188	184	187	186	185	187	188	187	186	190	188	182	187	187	186	188	189	187	185	192	190	189	187	191	185	185	184	188	184	188	
1100	189	185	188	187	186	188	188	188	187	191	189	182	188	188	187	189	189	188	186	192	191	190	187	192	186	186	185	189	184	189	
1150	190	186	189	187	187	189	189	189	187	192	189	183	189	189	188	190	190	189	187	193	191	191	188	192	186	186	186	189	185	190	
1200	191	187	190	188	187	190	190	190	188	193	189	184	190	189	189	191	190	190	187	193	192	192	189	192	187	187	186	190	186	190	
1250	191	188	191	188	188	190	191	190	189	194	190	184	191	190	190	192	191	191	188	194	192	192	190	193	187	188	187	190	187	191	
1300	191	189	192	189	189	191	191	191	189	194	190	185	191	191	191	192	191	192	188	195	193	193	190	193	188	189	188	190	187	192	
1350	191	190	193	190	189	192	192	191	190	195	190	185	192	192	192	193	192	192	189	195	193	194	191	194	189	190	189	191	188	192	
1400	192	190	193	190	190	193	193	192	190	195	190	186	192	193	193	194	193	193	190	196	193	194	192	194	189	190	189	191	189	193	
1450	192	191	194	191	191	193	193	193	191	195	190	187	193	193	194	195	193	194	191	196	194	194	193	195	190	191	190	192	190	194	
1500	192	192	194	192	191	194	194	193	191	195	191	188	193	194	194	196	193	194	191	197	195	195	194	195	191	192	191	192	190	194	
1550	192	193	195	192	191	194	195	194	191	195	191	189	194	195	195	196	194	195	192	197	196	195	195	196	191	193	192	193	191	195	
1600	193	194	196	192	192	194	195	195	192	196	191	190	194	196	195	197	194	195	193	198	197	195	195	196	192	194	192	193	192	196	
1650	193	194	196	193	192	195	196	195	192	196	191	190	194	196	195	198	195	196	194	198	198	195	196	197	193	194	192	193	192	197	
1700	193	195	197	193	192	195	196	195	193	196	192	191	195	196	196	198	195	196	194	199	198	195	196	197	194	195	193	194	192	197	
1750	194	195	197	193	193	196	197	196	193	197	192	192	195	197	196	199	195	197	195	199	198	196	197	198	194	196	193	194	193	198	
1800	194	196	197	194	193	196	197	196	194	197	192	193	195	197	196	199	196	197	196	200	199	196	197	198	195	196	194	195	193	199	
1850	195	196	197	194	193	196	198	196	194	198	193	194	196	197	197	200	196	198	196	200	199	196	197	198	196	196	194	195	194	199	
1900	195	197	198	194	194	197	198	196	195	198	193	194	196	197	197	200	196	198	196	200	199	196	198	198	196	197	195	196	194	199	
1950	195	197	198	194	194	197	198	196	196	198	193	195	196	197	197	200	196	198	197	200	199	197	198	198	197	197	195	196	195	200	
2000	196	197	198	194	195	197	198	196	196	198	194	195	196	197	197	200	197	198	197	200	199	197	198	187	198	198	195	196	195	200	
2050	196	198	198	194	195	197	198	196	196	198	194	196	196	197	197	200	197	198	197	200	199	197	198	196	198	199	195	197	195	200	
2100	196	198	198	194	196	197	198	196	196	198	194	196	196	198	190	200	198	198	197	200	199	197	198	198	198	199	195	197	196	200	
2150	197	198	198	187	196	198	199	196	196	187	195	196	197	198	197	200	198	198	197	200	199	188	198	198	199	199	196	198	196	200	
2200	197	199	198	193	196	198	199	196	197	195	195	196	197	198	197	200	198	199	197	190	199	195	198	198	199	199	196	198	197	200	
2250	197	199	198	194	196	198	200	197	198	198	195	197	197	198	197	200	198	199	197	199	190	197	198	198	200	199	197	198	197	200	
2300	197	200	198	194	196	198	200	197	198	198	195	197	198	190	197	190	198	199	197	200	198	197	198	198	200	199	197	198	197	200	
2350	198	200	198	194	197	199	200	197	198	198	196	197	198	197	197	199	198	199	197	200	199	197	190	198	200	199	198	190	197	192	
2400	198	200	198	194	197	199	200	197	198	198	196	197	199	198	197	200	198	199	198	200	199	197	197	198	200	190	190	197	198	200	
2450	198	200	198	194	197	199	200	197	198	198	196	197	199	198	197	200	198	191	198	200	199	197	198	198	200	198	197	198	198	200	
2500	198	200	198	194	197	199	200	197	198	198	197	197	200	198	197	200	198	198	198	200	199	197	198	198	200	199	198	198	198	200	
2550	198	200	198	194	197	199	200	197	198	198	197	198	200	198	197	200	188	199	198	200	199	197	198	198	200	199	198	198	198	200	
2650	187	200	198	194	197	199	200	197	187	198	198	198	200	198	197	200	196	199	198	200	199	197	198	198	190	199	198	198	199	200	
2700	196	200	198	194	197	200	189	197	195	198	198	199	200	198	197	200	198	199	198	200	199	197	198	198	198	199	198	198	199	200	
2750	198	192	190	194	197	200	198	197	198	198	198	199	200	198	197	200	198	199	198	200	199	197	198	198	200	199	198	198	199	200	
2800	198	199	198	194	197	200	200	197	198	198	198	199	200	198	197	200	198	199	198	200	199	197	198	190	200	199	198	198	200	200	
2850	198	200	199	194	198	200	200	197	198	198	198	199	200	198	197	200	198	199	198	200	199	198	198	197	200	199	198	198	200	200	
2900	198	200	199	194	198	200	200	198	198	198	198	190	191	198	188	200	198	199	199	200	199	198	198	198	200	199	198	198	200	200	
2950	198	200	200	185	190	189	200	198	198	190	198	198	199	198	196	200	198	199	199	200	199	198	198	198	200	199	198	198	200	200	
3000	198	200	200	192	197	199	200	198	198	197	199	199	200	198	197	200	198	199	199	190	199	198	198	198	200	199	198	198	200	200	
3050	198	200	200	194	198	200	200	198	198	198	200	199	200	198	197	200	198	199	199	198	191	198	198	198	200	199	198	198	190	200	
3100	198	200	200	194	198	200	200	188	198	198	200	199	200	189	197	192	198	199	200	200	198	198	198	198	200	199	198	198	198	200	
3150	198	200	200	194	198	200	200	196	198	198	191	199	200	196	197	199	198	199	200	200	199	188	191	198	200	199	198	191	200	192	
3200	198	200	200	194	198	200	200	198	198	198	200	199	200	198	197	200	198	199	200	200	199	196	197	198	200	192	189	197	200	199	
3250	198	200	200	194	198	200	200	198	198	198	200	199	200	198	197	200	198	190	200	200	199	198	198	198	200	199	197	198	200	200	
3300	198	200	200	194	198	200	200	198	198	198	200	199	200	198	197	200	198	198	189	200	199	198	198	198	200	199	198	198	200	200	
3350	198	200	200	194	198	200	200	198	198	198	200	199	200	198	197	200	189	199	198	200	199	198	198	198	200	199	198	198	200	200	
3400	198	200	200	194	198	200	200	198	198	198	200	199	200	198	197	200	197	199	200	200	199	198	198	198	191	199	198	198	200	200	
3450	198	200	200	194	198	200	192	198	199	198	200	199	200	198	197	200	198	199	200	200	199	198	198	198	199	199	198	198	200	200	
3550	187	191	190	194	198	200	199	198	199	198	200	199	200	198	197	200	198	199	200	200	199	198	198	198	200	199	198	198	200	200	
3600	197	199	199	194	198	200	200	198	191	198	200	199	200	198	197	200	198	199	200	200	199	198	198	189	200	199	198	198	200	200	
3650	198	200	200	194	198	200	200	198	199	198	200	199	200	198	197	200	198	199	200	200	199	198	198	197	200	199	198	198	200	200	
3700	198	200	200	194	198	200	200	198	199	198	200	190	191	198	197	200	198	199	200	200	199	198	198	198	200	199	198	198	200	200	
3750	198	200	200	187	190	192	200	198	199	189	200	198	199	198	198	200	198	199	200	200	199	198	198	198	200	199	198	198	200	200	
3800	198	200	200	193	197	200	200	198	199	197	200	199	200	198	198	200	198	199	200	191	199	198	198	198	200	199	198	198	200	200	
3850	198	200	200	194	198	200	200	198	199	198	200	199	200	198	198	200	198	199	200	199	191	198	198	198	200	199	198	198	189	200	
3900	198	200	200	194	198	200	200	190	199	198	200	199	200	190	198	190	198	199	200	200	198	198	198	198	200	199	198	198	199	200	
3950	198	200	200	194	198	200	200	197	199	198	191	199	200	197	189	199	198	199	200	200	199	189	189	198	200	199	198	189	200	190	
4000	198	200	200	194	198	200	200	198	199	198	198	199	200	198	196	200	198	199	200	200	199	197	197	198	200	190	189	197	200	198	
4050	199	200	200	194	198	200	200	198	199	198	200	199	200	198	198	200	198	188	200	200	199	198	198	198	200	197	197	198	200	200	
4100	199	200	200	194	198	200	200	198	199	198	200	199	200	198	198	200	198	197	189	200	199	198	198	198	200	199	198	198	200	200	
4150	199	200	200	194	198	200	200	198	200	198	200	199	200	198	198	200	189	199	197	200	199	198	198	198	200	199	198	198	200	200	
4200	199	200	200	194	198	200	200	198	200	198	200	199	200	198	198	200	197	199	200	200	199	198	198	198	192	199	198	198	200	200	
4250	199	200	200	194	198	200	192	198	200	198	200	199	200	198	198	200	198	199	200	200	199	198	198	198	199	199	198	198	200	200	
4350	190	189	191	194	198	200	200	198	200	198	200	199	200	198	198	200	198	199	200	200	199	198	198	198	200	199	198	198	200	200	
4400	197	198	200	194	198	200	200	198	200	198	200	199	200	198	198	200	198	199	200	200	199	198	198	189	200	199	198	198	200	200	
4450	199	200	200	194	198	200	200	198	190	198	200	199	200	198	198	200	198	199	200	200	199	198	198	196	200	199	198	198	200	200	
4500	199	200	200	194	198	200	200	198	199	198	200	191	191	198	198	200	198	199	200	200	199	198	198	198	200	199	198	198	200	200	
4550	199	200	200	185	191	188	200	198	200	189	200	198	200	198	198	200	198	199	200	200	199	198	198	198	200	199	198	198	200	200	
4600	199	200	200	192	198	196	200	198	200	196	200	199	200	198	198	200	198	199	200	190	199	198	198	198	200	199	198	198	200	200	
4650	199	200	200	194	198	200	200	198	200	198	200	199	200	198	198	200	198	199	200	197	190	198	198	198	200	199	198	198	191	200	
4700	199	200	200	194	198	200	200	189	200	198	200	199	200	188	198	190	198	199	200	200	197	198	198	198	200	199	198	198	199	200	
4750	199	200	200	194	198	200	200	197	200	198	188	199	200	197	189	198	198	199	200	200	199	189	189	198	200	199	198	189	200	192	
4800	199	200	200	194	198	200	200	198	200	198	195	199	200	198	197	200	198	199	200	200	199	197	197	198	200	189	189	197	200	199	
4850	199	200	200	194	198	200	200	198	200	198	200	199	200	198	198	200	198	190	200	200	199	198	198	198	200	197	196	198	200	200	
4900	199	200	200	194	198	200	200	198	200	198	200	199	200	198	198	200	198	198	191	200	199	198	198	198	200	199	198	198	200	200	
4950	199	200	200	194	198	200	200	198	200	198	200	199	200	198	198	200	190	199	199	200	199	198	198	198	200	199	198	198	200	200	
5000	199	200	200	194	198	200	200	198	200	198	200	199	200	198	198	200	197	199	200	200	199	198	198	198	191	199	198	198	200	200	
5050	199	200	200	194	198	200	188	198	200	198	200	199	200	198	198	200	198	199	200	200	199	198	198	198	199	199	198	198	200	200	
5150	190	189	190	194	198	200	196	198	200	198	200	199	200	198	198	200	198	199	200	200	199	198	198	198	200	199	198	198	200	200	
5200	198	198	198	194	198	200	200	198	200	198	200	199	200	198	198	200	198	199	200	200	199	198	198	189	200	199	198	198	200	200	
5250	199	200	200	194	198	200	200	198	192	198	200	199	200	198	198	200	198	199	200	200	199	198	198	196	200	199	198	198	200	200	
5300	199	200	200	194	198	200	200	198	199	198	200	189	191	198	198	200	198	199	200	200	199	198	198	198	200	199	198	198	200	200	
5350	199	200	200	186	190	192	200	198	200	188	200	198	198	198	198	200	198	199	200	200	199	198	198	198	200	199	198	198	200	200	
5400	199	200	200	193	198	199	200	198	200	196	200	199	200	198	198	200	198	199	200	188	199	198	198	198	200	199	198	198	200	200	
5450	199	200	200	194	198	200	200	198	200	198	200	199	200	198	198	200	198	199	200	196	191	198	198	198	200	199	198	198	189	200	
5500	199	200	200	194	198	200	200	188	200	198	200	199	200	189	198	192	198	199	200	200	199	198	198	198	200	199	198	198	197	200	
5550	199	200	200	194	198	200	200	195	200	198	191	199	200	197	189	200	198	199	200	200	199	189	190	198	200	199	198	189	200	191	
5600	199	200	200	194	198	200	200	198	200	198	198	199	200	198	197	200	198	199	200	200	199	196	197	198	200	191	188	197	200	199	
5650	199	200	200	194	198	200	200	198	200	198	200	199	200	198	198	200	198	191	200	200	199	198	198	198	200	198	196	198	200	200	
5700	199	200	200	194	198	200	200	198	200	198	200	199	200	198	198	200	198	198	189	200	199	198	198	198	200	199	198	198	200	200	
5750	199	200	200	194	198	200	200	198	200	198	200	199	200	198	198	200	190	199	196	200	199	198	198	198	200	199	198	198	200	200	
5800	199	200	200	194	198	200	200	198	200	198	200	199	200	198	198	200	198	199	200	200	199	198	198	198	191	199	198	198	200	200	
5850	199	200	200	194	198	200	191	198	200	198	200	199	200	198	198	200	198	199	200	200	199	198	198	198	200	199	198	198	200	200	
5950	191	191	190	194	198	200	199	198	200	198	200	199	200	198	198	200	198	199	200	200	199	198	198	198	200	199	198	198	200	200	
6000	198	200	199	194	198	200	200	198	200	198	200	199	200	198	198	200	198	199	200	200	199	198	198	192	200	199	198	198	200	200	
6050	199	200	200	194	198	200	200	198	191	198	200	199	200	198	198	200	198	199	200	200	199	198	198	198	200	199	198	198	200	200	
6100	199	200	200	194	198	200	200	198	198	198	200	189	191	198	198	200	198	199	200	200	199	198	198	198	200	199	198	198	200	200	
6150	199	200	200	186	189	192	200	198	200	189	200	198	198	198	198	200	198	199	200	200	199	198	198	198	200	199	198	198	200	200	
6200	199	200	200	192	197	200	200	198	200	196	200	199	200	198	198	200	198	199	200	192	199	198	198	198	200	199	198	198	200	200	
6250	199	200	200	194	198	200	200	198	200	198	200	199	200	198	198	200	198	199	200	199	190	198	198	198	200	199	198	198	191	200	
6300	199	200	200	194	198	200	200	190	200	198	200	199	200	190	198	189	198	199	200	200	198	198	198	198	200	199	198	198	199	200	
6350	199	200	200	194	198	200	200	197	200	198	188	199	200	197	188	197	198	199	200	200	199	190	189	198	200	199	198	190	200	189	
6400	199	200	200	194	198	200	200	198	200	198	198	199	200	198	195	200	198	199	200	200	199	197	196	198	200	189	189	196	200	198	
6450	199	200	200	194	198	200	200	198	200	198	200	199	200	198	198	200	198	191	200	200	199	198	198	198	200	198	197	198	200	200	
6500	199	200	200	194	198	200	200	198	200	198	200	199	200	198	198	200	198	199	191	200	199	198	198	198	200	199	198	198	200	200	
6550	199	200	200	194	198	200	200	198	200	198	200	199	200	198	198	200	190	199	198	200	199	198	198	198	200	199	198	198	200	200	
6600	199	200	200	194	198	200	200	198	200	198	200	199	200	198	198	200	197	199	200	200	199	198	198	198	190	199	198	198	200	200	
6650	199	200	200	194	198	200	190	198	200	198	200	199	200	198	198	200	198	199	200	200	199	198	198	198	199	199	198	198	200	200	
6750	191	191	191	194	198	200	199	198	200	198	200	199	200	198	198	200	198	199	200	200	199	198	198	198	200	199	198	198	200	200	
6800	198	199	199	194	198	200	200	198	200	198	200	199	200	198	198	200	198	199	200	200	199	198	198	189	200	199	198	198	200	200	
6850	199	200	200	194	198	200	200	198	192	198	200	199	200	198	198	200	198	199	200	200	199	198	198	197	200	199	198	198	200	200	
6900	199	200	200	194	198	200	200	198	199	198	200	190	191	198	198	200	198	199	200	200	199	198	198	198	200	199	198	198	200	200	
6950	199	200	200	186	190	191	200	198	200	188	200	198	199	198	198	200	198	199	200	200	199	198	198	198	200	199	198	198	200	200	
7000	199	200	200	192	196	198	200	198	200	197	200	199	200	198	198	200	198	199	200	191	199	198	198	198	200	199	198	198	200	200	
7050	199	200	200	194	198	200	200	198	200	198	200	199	200	198	198	200	198	199	200	199	190	198	198	198	200	199	198	198	189	200	
7100	199	200	200	194	198	200	200	187	200	198	200	199	200	188	198	191	198	199	200	200	197	198	198	198	200	199	198	198	196	200	
7150	199	200	200	194	198	200	200	195	200	198	191	199	200	196	191	199	198	199	200	200	199	188	188	198	200	199	198	188	200	191	
7200	199	200	200	194	198	200	200	198	200	198	198	199	200	198	198	200	198	199	200	200	199	195	196	198	200	191	189	197	200	198	
7250	199	200	200	194	198	200	200	198	200	198	200	199	200	198	198	200	198	190	200	200	199	198	198	198	200	198	196	198	200	200	
7300	199	200	200	194	198	200	200	198	200	198	200	199	200	198	198	200	198	197	191	200	199	198	198	198	200	199	198	198	200	200	
7350	199	200	200	194	198	200	200	198	200	198	200	199	200	198	198	200	188	199	199	200	199	198	198	198	200	199	198	198	200	200	
7400	199	200	200	194	198	200	200	198	200	198	200	199	200	198	198	200	196	199	200	200	199	198	198	198	191	199	198	198	200	200	
7450	199	200	200	194	198	200	190	198	200	198	200	199	200	198	198	200	198	199	200	200	199	198	198	198	199	199	198	198	200	200	
7550	190	190	189	194	198	200	197	198	200	198	200	199	200	198	198	200	198	199	200	200	199	198	198	198	200	199	198	198	200	200	
7600	197	199	197	194	198	200	200	198	200	198	200	199	200	198	198	200	198	199	200	200	199	198	198	190	200	199	198	198	200	200	
7650	199	200	200	194	198	200	200	198	192	198	200	199	200	198	198	200	198	199	200	200	199	198	198	197	200	199	198	198	200	200	
7700	199	200	200	194	198	200	200	198	199	198	200	191	191	198	198	200	198	199	200	200	199	198	198	198	200	199	198	198	200	200	
7750	199	200	200	185	191	191	200	198	200	188	200	198	198	198	198	200	198	199	200	200	199	198	198	198	200	199	198	198	200	200	
7800	199	200	200	191	198	199	200	198	200	196	200	199	200	198	198	200	198	199	200	190	199	198	198	198	200	199	198	198	200	200	
7850	199	200	200	194	198	200	200	198	200	198	200	199	200	198	198	200	198	199	200	198	190	198	198	198	200	199	198	198	191	200	
7900	199	200	200	194	198	200	200	191	200	198	200	199	200	188	198	192	198	199	200	200	198	198	198	198	200	199	198	198	199	200	
7950	199	200	200	194	198	200	200	197	200	198	189	199	200	197	189	199	198	199	200	200	199	191	189	198	200	199	198	188	200	189	
8000	199	200	200	194	198	200	200	198	200	198	199	199	200	198	196	200	198	199	200	200	199	198	196	198	200	190	190	197	200	197	
8050	199	200	200	194	198	200	200	198	200	198	200	199	200	198	198	200	198	189	200	200	199	198	198	198	200	198	197	198	200	200	
8100	199	200	200	194	198	200	200	198	200	198	200	199	200	198	198	200	198	198	191	200	199	198	198	198	200	199	198	198	200	200	
8150	199	200	200	194	198	200	200	198	200	198	200	199	200	198	198	200	189	199	199	200	199	198	198	198	200	199	198	198	200	200	
8200	199	200	200	194	198	200	200	198	200	198	200	199	200	198	198	200	196	199	200	200	199	198	198	198	190	199	198	198	200	200	
8250	199	200	200	194	198	200	192	198	200	198	200	199	200	198	198	200	198	199	200	200	199	198	198	198	197	199	198	198	200	200	
8350	191	191	192	194	198	200	200	198	200	198	200	199	200	198	198	200	198	199	200	200	199	198	198	198	200	199	198	198	200	200	
8400	198	198	199	194	198	200	200	198	200	198	200	199	200	198	198	200	198	199	200	200	199	198	198	191	200	199	198	198	200	200	
8450	199	200	200	194	198	200	200	198	190	198	200	199	200	198	198	200	198	199	200	200	199	198	198	197	200	199	198	198	200	200	
8500	199	200	200	194	198	200	200	198	198	198	200	189	189	198	198	200	198	199	200	200	199	198	198	198	200	199	198	198	200	200	
8550	199	200	200	185	187	191	200	198	200	187	200	197	197	198	198	200	198	199	200	200	199	198	198	198	200	199	198	198	200	200	
8600	199	200	200	192	195	199	200	198	200	195	200	199	200	198	198	200	198	199	200	192	199	198	198	198	200	199	198	198	200	200	
8650	199	200	200	194	198	200	200	198	200	198	200	199	200	198	198	200	198	199	200	199	191	198	198	198	200	199	198	198	190	200	
8700	199	200	200	194	198	200	200	191	200	198	200	199	200	189	198	188	198	199	200	200	199	198	198	198	200	199	198	198	198	200	
8750	199	200	200	194	198	200	200	197	200	198	190	199	200	197	190	196	198	199	200	200	199	189	191	198	200	199	198	189	200	191	
8800	199	200	200	194	198	200	200	198	200	198	199	199	200	198	197	200	198	199	200	200	199	196	198	198	200	190	190	197	200	199	
8850	199	200	200	194	198	200	200	198	200	198	200	199	200	198	198	200	198	191	200	200	199	198	198	198	200	197	197	198	200	200	
8900	199	200	200	194	198	200	200	198	200	198	200	199	200	198	198	200	198	199	192	200	199	198	198	198	200	199	198	198	200	200	
8950	199	200	200	194	198	200	200	198	200	198	200	199	200	198	198	200	193	199	199	200	199	198	198	198	200	199	198	198	200	200	
9000	199	200	200	194	198	200	200	198	200	198	200	199	200	198	198	200	198	199	200	200	199	198	198	198	188	199	198	198	200	200	
9050	199	200	200	194	198	200	190	198	200	198	200	199	200	198	198	200	198	199	200	200	199	198	198	198	197	199	198	198	200	200	
9150	190	193	190	194	198	200	199	198	200	198	200	199	200	198	198	200	198	199	200	200	199	198	198	198	200	199	198	198	200	200	
9200	198	199	199	194	198	200	200	198	200	198	200	199	200	198	198	200	198	199	200	200	199	198	198	189	200	199	198	198	200	200	
9250	199	200	200	194	198	200	200	198	191	198	200	199	200	198	198	200	198	199	200	200	199	198	198	196	200	199	198	198	200	200	
9300	199	200	200	194	198	200	200	198	199	198	200	190	189	198	198	200	198	199	200	200	199	198	198	198	200	199	198	198	200	200	
9350	199	200	200	185	189	189	200	198	200	189	200	198	197	198	198	200	198	199	200	200	199	198	198	198	200	199	198	198	200	200	
9400	199	200	200	191	196	196	200	198	200	196	200	199	200	198	198	200	198	199	200	190	199	198	198	198	200	199	198	198	200	200	
9450	199	200	200	194	198	200	200	198	200	198	200	199	200	198	198	200	198	199	200	199	191	198	198	198	200	199	198	198	193	200	
9500	199	200	200	194	198	200	200	189	200	198	200	199	200	190	198	191	198	199	200	200	198	198	198	198	200	199	198	198	200	200	
9550	199	200	200	194	198	200	200	196	200	198	190	199	200	196	189	199	198	199	200	200	199	188	189	198	200	199	198	188	200	190	
9600	199	200	200	194	198	200	200	198	200	198	199	199	200	198	197	200	198	199	200	200	199	195	197	198	200	190	188	195	200	199	
9650	199	200	200	194	198	200	200	198	200	198	200	199	200	198	198	200	198	190	200	200	199	198	198	198	200	198	196	198	200	200	
9700	199	200	200	194	198	200	200	198	200	198	200	199	200	198	198	200	198	198	191	200	199	198	198	198	200	199	198	198	200	200	
9750	199	200	200	194	198	200	200	198	200	198	200	199	200	198	198	200	189	199	198	200	199	198	198	198	200	199	198	198	200	200	
9800	199	200	200	194	198	200	200	198	200	198	200	199	200	198	198	200	196	199	200	200	199	198	198	198	190	199	198	198	200	200	
9850	199	200	200	194	198	200	190	198	200	198	200	199	200	198	198	200	198	199	200	200	199	198	198	198	197	199	198	198	200	200	
9950	190	190	192	194	198	200	199	198	200	198	200	199	200	198	198	200	198	199	200	200	199	198	198	198	200	199	198	198	200	200	
10000	197	198	199	194	198	200	200	198	200	198	200	199	200	198	198	200	198	199	200	200	199	198	198		200	199	198	198	200	200	
					198	200		198			200	199	200						200										200		


Evals | 1 2 3 ... BEST
150	184	181	178	182	180	185	181	180	184	179	183	181	185	184	178	180	180	178	183	183	181	181	184	183	180	179	180	181	179	181	
200	184	181	180	182	180	185	181	180	184	180	183	181	185	184	180	180	180	178	183	183	181	181	184	183	180	179	180	182	179	183	
250	184	181	180	182	180	185	181	180	184	180	183	181	185	184	180	180	181	178	183	183	181	185	184	183	180	179	183	182	179	183	
300	184	181	180	182	180	185	181	182	184	182	183	181	185	184	180	180	183	184	183	183	181	185	184	184	180	179	183	183	180	183	
350	184	181	180	183	182	185	181	184	184	182	183	181	185	184	182	180	183	184	183	183	181	185	184	184	180	179	183	183	180	184	
400	184	181	182	183	182	185	182	184	184	182	183	181	185	184	182	182	185	184	184	185	183	185	184	186	180	179	183	186	181	185	
450	184	181	182	183	184	185	182	184	184	185	184	181	185	184	182	183	185	185	184	185	183	185	184	186	180	179	183	186	181	186	
500	184	181	184	183	184	185	183	184	184	185	184	181	185	186	182	186	185	185	184	186	184	185	184	186	181	181	183	186	181	186	
550	189	181	184	185	184	186	186	185	184	189	189	181	185	186	184	186	185	185	184	188	184	185	184	188	184	182	183	186	181	187	
600	189	185	184	185	184	186	190	185	184	189	189	181	186	188	184	186	187	185	185	191	189	186	186	189	184	182	183	190	181	187	
650	189	185	186	186	186	186	190	185	185	190	189	182	186	188	184	186	190	185	185	191	189	186	186	190	186	183	183	190	182	187	
700	191	185	187	186	186	188	190	187	187	193	189	183	186	190	188	186	190	187	187	192	192	187	188	193	186	185	183	190	184	187	
750	191	185	187	187	187	189	190	190	187	193	189	183	188	190	188	189	190	191	188	192	192	191	188	193	187	185	186	190	184	189	
800	191	186	187	188	190	190	190	190	187	193	190	183	191	190	189	189	190	191	188	193	193	191	188	193	187	185	188	190	188	190	
850	191	188	188	188	190	190	192	190	187	193	190	183	191	190	189	191	193	191	188	195	193	192	188	194	187	186	189	190	188	191	
900	191	189	193	188	191	191	192	190	192	194	190	185	191	190	189	192	193	191	189	195	193	192	191	194	191	190	189	190	188	193	
950	191	189	193	188	191	195	192	193	192	194	190	185	192	193	189	192	193	191	190	195	193	195	191	194	191	193	189	190	188	193	
1000	192	189	193	190	191	195	193	193	192	194	190	185	192	194	194	193	193	193	192	195	193	195	192	194	191	193	191	191	188	193	
1050	192	190	194	191	191	195	193	193	192	195	191	188	192	194	194	193	193	193	192	195	194	195	196	194	191	193	191	192	188	194	
1100	192	190	194	191	191	195	193	193	192	195	191	188	193	194	194	196	193	193	192	198	194	195	196	194	191	193	191	193	189	196	
1150	193	192	194	192	191	195	193	193	192	196	191	190	194	194	194	196	193	193	192	198	194	195	196	195	191	193	191	193	192	196	
1200	193	193	196	192	194	195	193	194	192	197	193	190	195	194	196	196	195	196	192	198	194	196	196	198	191	193	191	193	192	196	
1250	195	195	196	193	194	195	194	194	192	197	193	192	195	196	196	196	195	196	192	198	196	196	196	198	192	193	192	193	192	196	
1300	195	195	196	193	194	196	196	196	192	197	193	192	195	196	197	196	196	196	193	198	198	196	196	198	192	196	192	193	192	196	
1350	195	195	198	194	194	196	198	196	194	198	193	192	196	197	197	197	196	196	195	198	198	197	196	198	192	196	194	194	193	196	
1400	195	195	198	194	194	196	198	196	196	198	193	192	196	197	197	199	196	196	195	200	198	197	197	198	194	196	195	196	195	199	
1450	195	196	198	194	196	196	198	196	196	198	193	192	196	197	197	199	196	196	196	200	199	197	197	198	195	196	195	196	195	199	
1500	195	196	198	194	196	197	198	196	196	198	193	194	197	198	197	200	196	198	196	200	199	197	197	198	196	197	195	196	195	199	
1550	195	197	198	194	196	197	198	196	196	198	193	194	197	198	197	200	196	198	197	200	199	197	198	198	196	197	195	198	195	200	
1600	196	198	198	194	196	197	198	196	196	198	194	194	197	198	197	200	197	198	197	200	199	197	198	198	196	199	198	198	195	200	
1650	196	198	198	194	196	197	199	197	196	198	195	196	197	198	197	200	197	199	197	200	199	197	198	198	198	199	198	198	195	200	
1700	196	198	198	194	196	197	199	197	196	198	195	196	197	198	197	200	197	199	197	200	199	197	198	198	198	199	198	198	195	200	
1750	196	198	198	194	196	198	199	197	196	198	195	197	197	198	197	200	198	199	197	200	199	197	198	198	198	199	198	198	197	200	
1800	198	199	198	194	196	198	199	197	198	198	195	197	197	198	197	200	198	199	198	200	199	197	198	198	200	199	198	198	198	200	
1850	198	199	198	194	197	198	200	197	198	198	195	197	197	198	197	200	198	199	198	200	199	197	198	198	200	199	198	198	198	200	
1900	198	200	198	194	197	199	200	197	198	198	195	197	199	198	197	200	198	199	198	200	199	197	198	198	200	199	198	198	198	200	
1950	198	200	198	194	197	199	200	197	198	198	195	197	199	198	197	200	198	199	198	200	199	197	198	198	200	199	198	198	198	200	
2000	198	200	198	194	197	199	200	197	198	198	197	197	199	198	197	200	198	199	198	200	199	197	198	198	200	199	198	198	198	200	
2050	198	200	199	194	197	199	200	197	198	198	197	199	200	198	197	200	198	199	198	200	199	197	198	198	200	199	198	198	198	200	
2100	198	200	199	194	198	200	200	197	198	198	198	199	200	198	197	200	198	199	198	200	199	197	198	198	200	199	198	198	198	200	
2150	198	200	199	194	198	200	200	197	198	198	198	199	200	198	197	200	198	199	198	200	199	197	198	198	200	199	198	198	199	200	
2200	198	200	199	194	198	200	200	197	198	198	198	199	200	198	197	200	198	199	198	200	199	197	198	198	200	199	198	198	200	200	
2250	198	200	199	194	198	200	200	198	198	198	198	199	200	198	197	200	198	199	198	200	199	197	198	198	200	199	198	198	200	200	
2300	198	200	199	194	198	200	200	198	198	198	200	199	200	198	197	200	198	199	199	200	199	198	198	198	200	199	198	198	200	200	
2350	198	200	199	194	198	200	200	198	198	198	200	199	200	198	197	200	198	199	199	200	199	198	198	198	200	199	198	198	200	200	
2400	198	200	200	194	198	200	200	198	198	198	200	199	200	198	197	200	198	199	199	200	199	198	198	198	200	199	198	198	200	200	
2450	198	200	200	194	198	200	200	198	198	198	200	199	200	198	197	200	198	199	200	200	199	198	198	198	200	199	198	198	200	200	
2500	198	200	200	194	198	200	200	198	198	198	200	199	200	198	197	200	198	199	200	200	199	198	198	198	200	199	198	198	200	200	
2550	198	200	200	194	198	200	200	198	198	198	200	199	200	198	197	200	198	199	200	200	199	198	198	198	200	199	198	198	200	200	
2650	198	200	200	194	198	200	200	198	198	198	200	199	200	198	197	200	198	199	200	200	199	198	198	198	200	199	198	198	200	200	
2700	199	200	200	194	198	200	200	198	198	198	200	199	200	198	197	200	198	199	200	200	199	198	198	198	200	199	198	198	200	200	
2750	199	200	200	194	198	200	200	198	199	198	200	199	200	198	197	200	198	199	200	200	199	198	198	198	200	199	198	198	200	200	
2800	199	200	200	194	198	200	200	198	199	198	200	199	200	198	197	200	198	199	200	200	199	198	198	198	200	199	198	198	200	200	
2850	199	200	200	194	198	200	200	198	199	198	200	199	200	198	197	200	198	199	200	200	199	198	198	198	200	199	198	198	200	200	
2900	199	200	200	194	198	200	200	198	199	198	200	199	200	198	197	200	198	199	200	200	199	198	198	198	200	199	198	198	200	200	
2950	199	200	200	194	198	200	200	198	199	198	200	199	200	198	197	200	198	199	200	200	199	198	198	198	200	199	198	198	200	200	
3000	199	200	200	194	198	200	200	198	199	198	200	199	200	198	197	200	198	199	200	200	199	198	198	198	200	199	198	198	200	200	
3050	199	200	200	194	198	200	200	198	199	198	200	199	200	198	197	200	198	199	200	200	199	198	198	198	200	199	198	198	200	200	
3100	199	200	200	194	198	200	200	198	199	198	200	199	200	198	198	200	198	199	200	200	199	198	198	198	200	199	198	198	200	200	
3150	199	200	200	194	198	200	200	198	199	198	200	199	200	198	198	200	198	199	200	200	199	198	198	198	200	199	198	198	200	200	
3200	199	200	200	194	198	200	200	198	199	198	200	199	200	198	198	200	198	199	200	200	199	198	198	198	200	199	198	198	200	200	
3250	199	200	200	194	198	200	200	198	199	198	200	199	200	198	198	200	198	199	200	200	199	198	198	198	200	199	198	198	200	200	
3300	199	200	200	194	198	200	200	198	199	198	200	199	200	198	198	200	198	199	200	200	199	198	198	198	200	199	198	198	200	200	
3350	199	200	200	194	198	200	200	198	199	198	200	199	200	198	198	200	198	199	200	200	199	198	198	198	200	199	198	198	200	200	
3400	199	200	200	194	198	200	200	198	199	198	200	199	200	198	198	200	198	199	200	200	199	198	198	198	200	199	198	198	200	200	
3450	199	200	200	194	198	200	200	198	199	198	200	199	200	198	198	200	198	199	200	200	199	198	198	198	200	199	198	198	200	200	
3550	199	200	200	194	198	200	200	198	199	198	200	199	200	198	198	200	198	199	200	200	199	198	198	198	200	199	198	198	200	200	
3600	199	200	200	194	198	200	200	198	200	198	200	199	200	198	198	200	198	199	200	200	199	198	198	198	200	199	198	198	200	200	
3650	199	200	200	194	198	200	200	198	200	198	200	199	200	198	198	200	198	199	200	200	199	198	198	198	200	199	198	198	200	200	
3700	199	200	200	194	198	200	200	198	200	198	200	199	200	198	198	200	198	199	200	200	199	198	198	198	200	199	198	198	200	200	
3750	199	200	200	194	198	200	200	198	200	198	200	199	200	198	198	200	198	199	200	200	199	198	198	198	200	199	198	198	200	200	
3800	199	200	200	194	198	200	200	198	200	198	200	199	200	198	198	200	198	199	200	200	199	198	198	198	200	199	198	198	200	200	
3850	199	200	200	194	198	200	200	198	200	198	200	199	200	198	198	200	198	199	200	200	199	198	198	198	200	199	198	198	200	200	
3900	199	200	200	194	198	200	200	198	200	198	200	199	200	198	198	200	198	199	200	200	199	198	198	198	200	199	198	198	200	200	
3950	199	200	200	194	198	200	200	198	200	198	200	199	200	198	198	200	198	199	200	200	199	198	198	198	200	199	198	198	200	200	
4000	199	200	200	194	198	200	200	198	200	198	200	199	200	198	198	200	198	199	200	200	199	198	198	198	200	199	198	198	200	200	
4050	199	200	200	194	198	200	200	198	200	198	200	199	200	198	198	200	198	199	200	200	199	198	198	198	200	199	198	198	200	200	
4100	199	200	200	194	198	200	200	198	200	198	200	199	200	198	198	200	198	199	200	200	199	198	198	198	200	199	198	198	200	200	
4150	199	200	200	194	198	200	200	198	200	198	200	199	200	198	198	200	198	199	200	200	199	198	198	198	200	199	198	198	200	200	
4200	199	200	200	194	198	200	200	198	200	198	200	199	200	198	198	200	198	199	200	200	199	198	198	198	200	199	198	198	200	200	
4250	199	200	200	194	198	200	200	198	200	198	200	199	200	198	198	200	198	199	200	200	199	198	198	198	200	199	198	198	200	200	
4350	199	200	200	194	198	200	200	198	200	198	200	199	200	198	198	200	198	199	200	200	199	198	198	198	200	199	198	198	200	200	
4400	199	200	200	194	198	200	200	198	200	198	200	199	200	198	198	200	198	199	200	200	199	198	198	198	200	199	198	198	200	200	
4450	199	200	200	194	198	200	200	198	200	198	200	199	200	198	198	200	198	199	200	200	199	198	198	198	200	199	198	198	200	200	
4500	199	200	200	194	198	200	200	198	200	198	200	199	200	198	198	200	198	199	200	200	199	198	198	198	200	199	198	198	200	200	
4550	199	200	200	194	198	200	200	198	200	198	200	199	200	198	198	200	198	199	200	200	199	198	198	198	200	199	198	198	200	200	
4600	199	200	200	194	198	200	200	198	200	198	200	199	200	198	198	200	198	199	200	200	199	198	198	198	200	199	198	198	200	200	
4650	199	200	200	194	198	200	200	198	200	198	200	199	200	198	198	200	198	199	200	200	199	198	198	198	200	199	198	198	200	200	
4700	199	200	200	194	198	200	200	198	200	198	200	199	200	198	198	200	198	199	200	200	199	198	198	198	200	199	198	198	200	200	
4750	199	200	200	194	198	200	200	198	200	198	200	199	200	198	198	200	198	199	200	200	199	198	198	198	200	199	198	198	200	200	
4800	199	200	200	194	198	200	200	198	200	198	200	199	200	198	198	200	198	199	200	200	199	198	198	198	200	199	198	198	200	200	
4850	199	200	200	194	198	200	200	198	200	198	200	199	200	198	198	200	198	199	200	200	199	198	198	198	200	199	198	198	200	200	
4900	199	200	200	194	198	200	200	198	200	198	200	199	200	198	198	200	198	199	200	200	199	198	198	198	200	199	198	198	200	200	
4950	199	200	200	194	198	200	200	198	200	198	200	199	200	198	198	200	198	199	200	200	199	198	198	198	200	199	198	198	200	200	
5000	199	200	200	194	198	200	200	198	200	198	200	199	200	198	198	200	198	199	200	200	199	198	198	198	200	199	198	198	200	200	
5050	199	200	200	194	198	200	200	198	200	198	200	199	200	198	198	200	198	199	200	200	199	198	198	198	200	199	198	198	200	200	
5150	199	200	200	194	198	200	200	198	200	198	200	199	200	198	198	200	198	199	200	200	199	198	198	198	200	199	198	198	200	200	
5200	199	200	200	194	198	200	200	198	200	198	200	199	200	198	198	200	198	199	200	200	199	198	198	198	200	199	198	198	200	200	
5250	199	200	200	194	198	200	200	198	200	198	200	199	200	198	198	200	198	199	200	200	199	198	198	198	200	199	198	198	200	200	
5300	199	200	200	194	198	200	200	198	200	198	200	199	200	198	198	200	198	199	200	200	199	198	198	198	200	199	198	198	200	200	
5350	199	200	200	194	198	200	200	198	200	198	200	199	200	198	198	200	198	199	200	200	199	198	198	198	200	199	198	198	200	200	
5400	199	200	200	194	198	200	200	198	200	198	200	199	200	198	198	200	198	199	200	200	199	198	198	198	200	199	198	198	200	200	
5450	199	200	200	194	198	200	200	198	200	198	200	199	200	198	198	200	198	199	200	200	199	198	198	198	200	199	198	198	200	200	
5500	199	200	200	194	198	200	200	198	200	198	200	199	200	198	198	200	198	199	200	200	199	198	198	198	200	199	198	198	200	200	
5550	199	200	200	194	198	200	200	198	200	198	200	199	200	198	198	200	198	199	200	200	199	198	198	198	200	199	198	198	200	200	
5600	199	200	200	194	198	200	200	198	200	198	200	199	200	198	198	200	198	199	200	200	199	198	198	198	200	199	198	198	200	200	
5650	199	200	200	194	198	200	200	198	200	198	200	199	200	198	198	200	198	199	200	200	199	198	198	198	200	199	198	198	200	200	
5700	199	200	200	194	198	200	200	198	200	198	200	199	200	198	198	200	198	199	200	200	199	198	198	198	200	199	198	198	200	200	
5750	199	200	200	194	198	200	200	198	200	198	200	199	200	198	198	200	198	199	200	200	199	198	198	198	200	199	198	198	200	200	
5800	199	200	200	194	198	200	200	198	200	198	200	199	200	198	198	200	198	199	200	200	199	198	198	198	200	199	198	198	200	200	
5850	199	200	200	194	198	200	200	198	200	198	200	199	200	198	198	200	198	199	200	200	199	198	198	198	200	199	198	198	200	200	
5950	199	200	200	194	198	200	200	198	200	198	200	199	200	198	198	200	198	199	200	200	199	198	198	198	200	199	198	198	200	200	
6000	199	200	200	194	198	200	200	198	200	198	200	199	200	198	198	200	198	199	200	200	199	198	198	198	200	199	198	198	200	200	
6050	199	200	200	194	198	200	200	198	200	198	200	199	200	198	198	200	198	199	200	200	199	198	198	198	200	199	198	198	200	200	
6100	199	200	200	194	198	200	200	198	200	198	200	199	200	198	198	200	198	199	200	200	199	198	198	198	200	199	198	198	200	200	
6150	199	200	200	194	198	200	200	198	200	198	200	199	200	198	198	200	198	199	200	200	199	198	198	198	200	199	198	198	200	200	
6200	199	200	200	194	198	200	200	198	200	198	200	199	200	198	198	200	198	199	200	200	199	198	198	198	200	199	198	198	200	200	
6250	199	200	200	194	198	200	200	198	200	198	200	199	200	198	198	200	198	199	200	200	199	198	198	198	200	199	198	198	200	200	
6300	199	200	200	194	198	200	200	198	200	198	200	199	200	198	198	200	198	199	200	200	199	198	198	198	200	199	198	198	200	200	
6350	199	200	200	194	198	200	200	198	200	198	200	199	200	198	198	200	198	199	200	200	199	198	198	198	200	199	198	198	200	200	
6400	199	200	200	194	198	200	200	198	200	198	200	199	200	198	198	200	198	199	200	200	199	198	198	198	200	199	198	198	200	200	
6450	199	200	200	194	198	200	200	198	200	198	200	199	200	198	198	200	198	199	200	200	199	198	198	198	200	199	198	198	200	200	
6500	199	200	200	194	198	200	200	198	200	198	200	199	200	198	198	200	198	199	200	200	199	198	198	198	200	199	198	198	200	200	
6550	199	200	200	194	198	200	200	198	200	198	200	199	200	198	198	200	198	199	200	200	199	198	198	198	200	199	198	198	200	200	
6600	199	200	200	194	198	200	200	198	200	198	200	199	200	198	198	200	198	199	200	200	199	198	198	198	200	199	198	198	200	200	
6650	199	200	200	194	198	200	200	198	200	198	200	199	200	198	198	200	198	199	200	200	199	198	198	198	200	199	198	198	200	200	
6750	199	200	200	194	198	200	200	198	200	198	200	199	200	198	198	200	198	199	200	200	199	198	198	198	200	199	198	198	200	200	
6800	199	200	200	194	198	200	200	198	200	198	200	199	200	198	198	200	198	199	200	200	199	198	198	198	200	199	198	198	200	200	
6850	199	200	200	194	198	200	200	198	200	198	200	199	200	198	198	200	198	199	200	200	199	198	198	198	200	199	198	198	200	200	
6900	199	200	200	194	198	200	200	198	200	198	200	199	200	198	198	200	198	199	200	200	199	198	198	198	200	199	198	198	200	200	
6950	199	200	200	194	198	200	200	198	200	198	200	199	200	198	198	200	198	199	200	200	199	198	198	198	200	199	198	198	200	200	
7000	199	200	200	194	198	200	200	198	200	198	200	199	200	198	198	200	198	199	200	200	199	198	198	198	200	199	198	198	200	200	
7050	199	200	200	194	198	200	200	198	200	198	200	199	200	198	198	200	198	199	200	200	199	198	198	198	200	199	198	198	200	200	
7100	199	200	200	194	198	200	200	198	200	198	200	199	200	198	198	200	198	199	200	200	199	198	198	198	200	199	198	198	200	200	
7150	199	200	200	194	198	200	200	198	200	198	200	199	200	198	198	200	198	199	200	200	199	198	198	198	200	199	198	198	200	200	
7200	199	200	200	194	198	200	200	198	200	198	200	199	200	198	198	200	198	199	200	200	199	198	198	198	200	199	198	198	200	200	
7250	199	200	200	194	198	200	200	198	200	198	200	199	200	198	198	200	198	199	200	200	199	198	198	198	200	199	198	198	200	200	
7300	199	200	200	194	198	200	200	198	200	198	200	199	200	198	198	200	198	199	200	200	199	198	198	198	200	199	198	198	200	200	
7350	199	200	200	194	198	200	200	198	200	198	200	199	200	198	198	200	198	199	200	200	199	198	198	198	200	199	198	198	200	200	
7400	199	200	200	194	198	200	200	198	200	198	200	199	200	198	198	200	198	199	200	200	199	198	198	198	200	199	198	198	200	200	
7450	199	200	200	194	198	200	200	198	200	198	200	199	200	198	198	200	198	199	200	200	199	198	198	198	200	199	198	198	200	200	
7550	199	200	200	194	198	200	200	198	200	198	200	199	200	198	198	200	198	199	200	200	199	198	198	198	200	199	198	198	200	200	
7600	199	200	200	194	198	200	200	198	200	198	200	199	200	198	198	200	198	199	200	200	199	198	198	198	200	199	198	198	200	200	
7650	199	200	200	194	198	200	200	198	200	198	200	199	200	198	198	200	198	199	200	200	199	198	198	198	200	199	198	198	200	200	
7700	199	200	200	194	198	200	200	198	200	198	200	199	200	198	198	200	198	199	200	200	199	198	198	198	200	199	198	198	200	200	
7750	199	200	200	194	198	200	200	198	200	198	200	199	200	198	198	200	198	199	200	200	199	198	198	198	200	199	198	198	200	200	
7800	199	200	200	194	198	200	200	198	200	198	200	199	200	198	198	200	198	199	200	200	199	198	198	198	200	199	198	198	200	200	
7850	199	200	200	194	198	200	200	198	200	198	200	199	200	198	198	200	198	199	200	200	199	198	198	198	200	199	198	198	200	200	
7900	199	200	200	194	198	200	200	198	200	198	200	199	200	198	198	200	198	199	200	200	199	198	198	198	200	199	198	198	200	200	
7950	199	200	200	194	198	200	200	198	200	198	200	199	200	198	198	200	198	199	200	200	199	198	198	198	200	199	198	198	200	200	
8000	199	200	200	194	198	200	200	198	200	198	200	199	200	198	198	200	198	199	200	200	199	198	198	198	200	199	198	198	200	200	
8050	199	200	200	194	198	200	200	198	200	198	200	199	200	198	198	200	198	199	200	200	199	198	198	198	200	199	198	198	200	200	
8100	199	200	200	194	198	200	200	198	200	198	200	199	200	198	198	200	198	199	200	200	199	198	198	198	200	199	198	198	200	200	
8150	199	200	200	194	198	200	200	198	200	198	200	199	200	198	198	200	198	199	200	200	199	198	198	198	200	199	198	198	200	200	
8200	199	200	200	194	198	200	200	198	200	198	200	199	200	198	198	200	198	199	200	200	199	198	198	198	200	199	198	198	200	200	
8250	199	200	200	194	198	200	200	198	200	198	200	199	200	198	198	200	198	199	200	200	199	198	198	198	200	199	198	198	200	200	
8350	199	200	200	194	198	200	200	198	200	198	200	199	200	198	198	200	198	199	200	200	199	198	198	198	200	199	198	198	200	200	
8400	199	200	200	194	198	200	200	198	200	198	200	199	200	198	198	200	198	199	200	200	199	198	198	198	200	199	198	198	200	200	
8450	199	200	200	194	198	200	200	198	200	198	200	199	200	198	198	200	198	199	200	200	199	198	198	198	200	199	198	198	200	200	
8500	199	200	200	194	198	200	200	198	200	198	200	199	200	198	198	200	198	199	200	200	199	198	198	198	200	199	198	198	200	200	
8550	199	200	200	194	198	200	200	198	200	198	200	199	200	198	198	200	198	199	200	200	199	198	198	198	200	199	198	198	200	200	
8600	199	200	200	194	198	200	200	198	200	198	200	199	200	198	198	200	198	199	200	200	199	198	198	198	200	199	198	198	200	200	
8650	199	200	200	194	198	200	200	198	200	198	200	199	200	198	198	200	198	199	200	200	199	198	198	198	200	199	198	198	200	200	
8700	199	200	200	194	198	200	200	198	200	198	200	199	200	198	198	200	198	199	200	200	199	198	198	198	200	199	198	198	200	200	
8750	199	200	200	194	198	200	200	198	200	198	200	199	200	198	198	200	198	199	200	200	199	198	198	198	200	199	198	198	200	200	
8800	199	200	200	194	198	200	200	198	200	198	200	199	200	198	198	200	198	199	200	200	199	198	198	198	200	199	198	198	200	200	
8850	199	200	200	194	198	200	200	198	200	198	200	199	200	198	198	200	198	199	200	200	199	198	198	198	200	199	198	198	200	200	
8900	199	200	200	194	198	200	200	198	200	198	200	199	200	198	198	200	198	199	200	200	199	198	198	198	200	199	198	198	200	200	
8950	199	200	200	194	198	200	200	198	200	198	200	199	200	198	198	200	198	199	200	200	199	198	198	198	200	199	198	198	200	200	
9000	199	200	200	194	198	200	200	198	200	198	200	199	200	198	198	200	198	199	200	200	199	198	198	198	200	199	198	198	200	200	
9050	199	200	200	194	198	200	200	198	200	198	200	199	200	198	198	200	198	199	200	200	199	198	198	198	200	199	198	198	200	200	
9150	199	200	200	194	198	200	200	198	200	198	200	199	200	198	198	200	198	199	200	200	199	198	198	198	200	199	198	198	200	200	
9200	199	200	200	194	198	200	200	198	200	198	200	199	200	198	198	200	198	199	200	200	199	198	198	198	200	199	198	198	200	200	
9250	199	200	200	194	198	200	200	198	200	198	200	199	200	198	198	200	198	199	200	200	199	198	198	198	200	199	198	198	200	200	
9300	199	200	200	194	198	200	200	198	200	198	200	199	200	198	198	200	198	199	200	200	199	198	198	198	200	199	198	198	200	200	
9350	199	200	200	194	198	200	200	198	200	198	200	199	200	198	198	200	198	199	200	200	199	198	198	198	200	199	198	198	200	200	
9400	199	200	200	194	198	200	200	198	200	198	200	199	200	198	198	200	198	199	200	200	199	198	198	198	200	199	198	198	200	200	
9450	199	200	200	194	198	200	200	198	200	198	200	199	200	198	198	200	198	199	200	200	199	198	198	198	200	199	198	198	200	200	
9500	199	200	200	194	198	200	200	198	200	198	200	199	200	198	198	200	198	199	200	200	199	198	198	198	200	199	198	198	200	200	
9550	199	200	200	194	198	200	200	198	200	198	200	199	200	198	198	200	198	199	200	200	199	198	198	198	200	199	198	198	200	200	
9600	199	200	200	194	198	200	200	198	200	198	200	199	200	198	198	200	198	199	200	200	199	198	198	198	200	199	198	198	200	200	
9650	199	200	200	194	198	200	200	198	200	198	200	199	200	198	198	200	198	199	200	200	199	198	198	198	200	199	198	198	200	200	
9700	199	200	200	194	198	200	200	198	200	198	200	199	200	198	198	200	198	199	200	200	199	198	198	198	200	199	198	198	200	200	
9750	199	200	200	194	198	200	200	198	200	198	200	199	200	198	198	200	198	199	200	200	199	198	198	198	200	199	198	198	200	200	
9800	199	200	200	194	198	200	200	198	200	198	200	199	200	198	198	200	198	199	200	200	199	198	198	198	200	199	198	198	200	200	
9850	199	200	200	194	198	200	200	198	200	198	200	199	200	198	198	200	198	199	200	200	199	198	198	198	200	199	198	198	200	200	
9950	199	200	200	194	198	200	200	198	200	198	200	199	200	198	198	200	198	199	200	200	199	198	198	198	200	199	198	198	200	200	
10000	199	200	200	194	198	200	200	198	200	198	200	199	200	198	198	200	198	199	200	200	199	198	198		200	199	198	198	200	200	
					198	200		198			200	199	200						200										200		
