From log file: logs/2withboth.txt

Evals | 1 2 3 ... AVG
150	59	59	59	59	59	58	59	59	59	59	59	60	59	59	59	59	60	60	60	60	59	60	58	60	59	59	59	59	59	58	
200	60	59	60	60	60	59	60	60	59	59	60	60	59	60	60	59	60	61	60	60	59	60	59	60	59	60	59	59	60	59	
250	61	60	60	60	61	60	61	61	60	60	60	61	60	60	61	60	61	61	61	61	60	61	59	61	60	61	60	60	60	60	
300	62	60	61	61	61	60	61	61	61	60	61	61	60	61	61	61	62	62	62	62	61	61	60	62	60	62	60	61	61	60	
350	62	61	61	62	62	61	62	62	61	61	61	62	61	62	62	61	63	62	62	62	61	62	60	62	61	63	61	61	62	61	
400	63	61	62	62	62	61	63	63	62	62	62	63	61	63	62	62	64	63	63	63	62	63	61	63	62	63	62	62	62	62	
450	64	62	63	63	63	62	64	63	63	62	63	63	62	63	63	62	65	63	64	63	63	63	61	63	62	64	62	63	63	63	
500	65	62	63	63	64	62	65	64	63	63	63	64	63	64	63	63	65	63	64	64	63	64	62	64	63	65	63	64	64	64	
550	66	63	64	64	64	63	65	65	64	64	64	65	64	65	64	63	66	64	65	65	64	65	62	64	63	65	64	64	65	65	
600	66	63	64	64	65	64	66	65	65	65	65	65	64	65	64	64	67	65	65	65	65	65	63	65	64	66	64	65	65	66	
650	67	64	64	65	66	64	67	66	65	65	65	65	65	66	65	64	67	65	66	66	65	65	64	65	65	66	65	65	66	67	
700	67	64	65	65	66	65	67	66	66	66	66	66	65	67	66	65	68	66	66	66	65	66	64	65	65	66	65	66	66	67	
750	68	65	65	65	67	65	68	66	66	66	66	66	66	67	67	65	68	66	67	66	66	66	65	66	66	67	66	66	67	68	
800	68	66	66	66	67	66	68	66	66	67	67	66	66	68	68	65	69	67	67	66	66	67	65	66	66	67	66	66	67	68	
850	68	66	66	66	67	66	68	67	67	67	67	67	67	68	68	66	69	67	68	67	67	67	66	66	66	67	67	67	67	68	
900	69	66	66	66	68	67	68	67	67	67	67	67	67	68	69	66	69	68	68	67	67	67	66	65	67	67	67	67	67	68	
950	69	67	67	66	68	67	69	67	67	67	68	67	67	69	69	67	69	68	68	67	67	67	67	67	67	67	67	67	68	69	
1000	69	67	67	67	68	67	69	68	68	67	68	68	68	69	69	67	70	68	69	67	67	67	67	67	67	67	68	68	68	69	
1050	69	68	68	67	68	68	69	68	68	68	68	68	68	69	69	68	70	68	69	68	67	68	68	67	67	67	68	68	68	69	
1100	69	68	68	67	68	68	69	68	68	68	69	68	68	69	70	68	70	69	69	68	68	68	68	67	67	68	68	68	68	69	
1150	69	68	68	67	69	68	70	69	69	68	69	68	68	70	70	68	70	69	69	68	68	68	68	68	68	68	68	68	68	69	
1250	67	69	68	67	69	68	70	69	69	68	69	69	68	70	70	68	70	69	69	68	68	68	69	68	68	68	68	68	68	69	
1300	69	69	69	67	69	69	70	69	69	68	70	69	68	70	70	69	70	69	69	69	69	68	69	68	68	68	69	68	68	70	
1350	70	69	69	67	69	69	70	70	69	68	70	69	69	70	70	69	70	70	69	69	69	68	69	68	68	66	69	69	68	70	
1400	70	69	69	68	69	69	70	70	66	69	70	69	69	70	66	69	67	70	69	69	69	68	70	68	68	68	69	69	69	70	
1450	70	69	69	68	69	69	70	70	68	69	70	69	69	70	69	69	68	66	69	69	69	68	70	68	68	68	69	69	69	70	
1500	70	69	69	68	69	69	67	70	69	69	70	69	69	70	70	70	70	69	69	69	70	69	70	68	68	68	69	70	69	70	
1550	70	70	70	68	70	69	69	70	69	69	70	67	69	67	70	70	70	70	70	70	70	69	70	68	68	69	69	70	69	70	
1600	70	70	70	68	70	69	70	70	69	69	67	69	69	69	70	70	70	70	67	70	70	69	70	69	68	69	70	70	69	70	
1650	70	70	70	68	67	69	70	66	69	69	69	70	70	70	70	70	70	70	69	70	67	69	70	69	68	69	70	70	69	67	
1700	70	70	70	69	69	69	70	69	69	69	70	70	70	70	70	70	70	70	70	70	69	69	67	69	68	69	70	67	69	69	
1750	70	70	67	69	70	69	70	70	69	69	70	70	70	70	70	70	70	70	70	70	70	69	69	66	68	69	70	69	69	70	
1800	70	70	69	69	70	70	70	70	69	69	70	70	67	70	70	70	70	70	70	70	70	69	70	68	66	69	70	70	69	70	
1850	70	67	70	69	70	70	70	70	69	69	70	70	69	70	70	67	70	70	70	70	70	69	70	69	68	69	66	70	69	70	
1900	70	69	70	69	70	70	70	70	69	69	70	70	70	70	70	69	70	70	70	68	70	69	70	69	69	69	69	70	69	70	
1950	70	70	70	69	70	70	70	70	69	69	70	70	70	70	70	70	70	70	70	69	70	69	70	69	69	69	70	70	69	70	
2050	66	70	70	66	70	67	70	70	69	70	70	70	70	70	70	70	70	70	70	70	70	69	70	69	69	69	70	70	70	70	
2100	69	70	70	68	70	69	70	70	69	70	70	70	70	70	70	70	70	70	70	70	70	69	70	69	69	69	70	70	70	70	
2150	70	70	70	69	70	70	70	70	69	70	70	70	70	70	70	70	70	70	70	70	70	70	70	69	69	66	70	70	67	70	
2200	70	70	70	69	70	70	70	70	67	67	70	70	70	70	66	70	67	70	70	70	70	70	70	69	69	68	70	70	69	70	
2250	70	70	70	69	70	70	70	70	68	69	70	70	70	70	69	70	69	67	70	70	70	70	70	69	69	69	70	70	70	70	
2300	70	70	70	69	70	70	66	70	69	70	70	70	70	70	70	70	70	69	70	70	70	70	70	69	69	69	70	70	70	70	
2350	70	70	70	69	70	70	69	70	69	70	70	67	70	67	70	70	70	70	70	70	70	67	70	69	69	69	70	70	70	70	
2400	70	70	70	69	70	70	70	70	69	70	67	69	70	69	70	70	70	70	67	70	70	69	70	69	69	69	70	70	70	70	
2450	70	70	70	69	66	70	70	67	69	70	69	70	70	70	70	70	70	70	69	70	66	70	70	69	69	69	70	70	70	67	
2500	70	70	70	69	69	70	70	69	69	70	70	70	70	70	70	70	70	70	70	70	69	70	66	69	69	69	70	67	70	69	
2550	70	70	67	69	70	70	70	70	69	70	70	70	70	70	70	70	70	70	70	70	70	70	69	66	69	69	70	69	70	70	
2600	70	70	69	69	70	70	70	70	69	70	70	70	67	70	70	70	70	70	70	70	70	70	70	68	69	69	70	70	70	70	
2650	70	67	70	69	70	70	70	70	69	70	70	70	69	70	70	67	70	70	70	70	70	70	70	69	69	69	67	70	70	70	
2700	70	69	70	69	70	70	70	70	69	70	70	70	70	70	70	69	70	70	70	67	70	70	70	69	69	69	69	70	70	70	
2750	70	70	70	69	70	70	70	70	69	70	70	70	70	70	70	70	70	70	70	69	70	70	70	69	66	69	70	70	70	70	
2850	67	70	70	67	70	68	70	70	69	70	70	70	70	70	70	70	70	70	70	70	70	70	70	69	69	69	70	70	70	70	
2900	69	70	70	68	70	69	70	70	69	70	70	70	70	70	70	70	70	70	70	70	70	70	70	69	70	69	70	70	70	70	
2950	70	70	70	69	70	70	70	70	69	70	70	70	70	70	70	70	70	70	70	70	70	70	70	69	70	66	70	70	67	70	
3000	70	70	70	69	70	70	70	70	66	67	70	70	70	70	67	70	67	70	70	70	70	70	70	69	70	68	70	70	69	70	
3050	70	70	70	69	70	70	70	70	68	69	70	70	70	70	69	70	69	67	70	70	70	70	70	69	70	69	70	70	70	70	
3100	70	70	70	69	70	70	67	70	69	70	70	70	70	70	70	70	70	69	70	70	70	70	70	69	70	69	70	70	70	70	
3150	70	70	70	69	70	70	69	70	69	70	70	67	70	67	70	70	70	70	70	70	70	67	70	69	70	69	70	70	70	70	
3200	70	70	70	69	70	70	70	70	69	70	67	69	70	69	70	70	70	70	67	70	70	69	70	69	70	69	70	70	70	70	
3250	70	70	70	69	67	70	70	67	69	70	69	70	70	70	70	70	70	70	69	70	67	70	70	69	70	69	70	70	70	67	
3300	70	70	70	69	69	70	70	69	69	70	70	70	70	70	70	70	70	70	70	70	69	70	67	69	70	69	70	67	70	69	
3350	70	70	66	69	70	70	70	70	69	70	70	70	70	70	70	70	70	70	70	70	70	70	69	67	70	69	70	69	70	70	
3400	70	70	69	69	70	70	70	70	69	70	70	70	67	70	70	70	70	70	70	70	70	70	70	68	70	69	70	70	70	70	
3450	70	67	70	69	70	70	70	70	69	70	70	70	70	70	70	68	70	70	70	70	70	70	70	69	70	69	67	70	70	70	
3500	70	69	70	69	70	70	70	70	69	70	70	70	70	70	70	70	70	70	70	67	70	70	70	69	70	69	69	70	70	70	
3550	70	70	70	69	70	70	70	70	69	70	70	70	70	70	70	70	70	70	70	70	70	70	70	69	67	69	70	70	70	70	
3650	67	70	70	66	70	67	70	70	69	70	70	70	70	70	70	70	70	70	70	70	70	70	70	69	69	69	70	70	70	70	
3700	69	70	70	68	70	69	70	70	69	70	70	70	70	70	70	70	70	70	70	70	70	70	70	69	70	69	70	70	70	70	
3750	70	70	70	69	70	70	70	70	69	70	70	70	70	70	70	70	70	70	70	70	70	70	70	69	70	67	70	70	67	70	
3800	70	70	70	69	70	70	70	70	66	67	70	70	70	70	67	70	67	70	70	70	70	70	70	69	70	68	70	70	69	70	
3850	70	70	70	69	70	70	70	70	68	69	70	70	70	70	70	70	69	67	70	70	70	70	70	69	70	69	70	70	70	70	
3900	70	70	70	69	70	70	67	70	69	70	70	70	70	70	70	70	70	69	70	70	70	70	70	69	70	69	70	70	70	70	
3950	70	70	70	69	70	70	69	70	69	70	70	66	70	67	70	70	70	70	70	70	70	67	70	69	70	69	70	70	70	70	
4000	70	70	70	69	70	70	70	70	69	70	67	69	70	69	70	70	70	70	67	70	70	69	70	69	70	69	70	70	70	70	
4050	70	70	70	69	67	70	70	67	69	70	69	70	70	70	70	70	70	70	69	70	67	70	70	69	70	69	70	70	70	67	
4100	70	70	70	69	70	70	70	69	69	70	70	70	70	70	70	70	70	70	70	70	69	70	67	69	70	69	70	66	70	69	
4150	70	70	66	69	70	70	70	70	69	70	70	70	70	70	70	70	70	70	70	70	70	70	69	66	70	69	70	69	70	70	
4200	70	70	69	69	70	70	70	70	69	70	70	70	66	70	70	70	70	70	70	70	70	70	70	68	70	69	70	70	70	70	
4250	70	66	70	69	70	70	70	70	69	70	70	70	69	70	70	66	70	70	70	70	70	70	70	69	70	69	67	70	70	70	
4300	70	69	70	69	70	70	70	70	69	70	70	70	70	70	70	69	70	70	70	68	70	70	70	69	70	69	69	70	70	70	
4350	70	70	70	69	70	70	70	70	69	70	70	70	70	70	70	70	70	70	70	70	70	70	70	69	67	69	70	70	70	70	
4450	67	70	70	66	70	67	70	70	69	70	70	70	70	70	70	70	70	70	70	70	70	70	70	69	69	69	70	70	70	70	
4500	69	70	70	68	70	69	70	70	69	70	70	70	70	70	70	70	70	70	70	70	70	70	70	69	70	69	70	70	70	70	
4550	70	70	70	69	70	70	70	70	69	70	70	70	70	70	70	70	70	70	70	70	70	70	70	69	70	66	70	70	67	70	
4600	70	70	70	69	70	70	70	70	66	67	70	70	70	70	67	70	67	70	70	70	70	70	70	69	70	68	70	70	69	70	
4650	70	70	70	69	70	70	70	70	68	69	70	70	70	70	69	70	69	66	70	70	70	70	70	69	70	69	70	70	70	70	
4700	70	70	70	69	70	70	66	70	69	70	70	70	70	70	70	70	70	69	70	70	70	70	70	69	70	69	70	70	70	70	
4750	70	70	70	69	70	70	69	70	69	70	70	67	70	67	70	70	70	70	70	70	70	67	70	69	70	69	70	70	70	70	
4800	70	70	70	69	70	70	70	70	69	70	67	69	70	69	70	70	70	70	66	70	70	69	70	69	70	69	70	70	70	70	
4850	70	70	70	69	67	70	70	68	69	70	69	70	70	70	70	70	70	70	69	70	67	70	70	69	70	69	70	70	70	67	
4900	70	70	70	69	69	70	70	69	69	70	70	70	70	70	70	70	70	70	69	70	69	70	67	69	70	69	70	67	70	69	
4950	70	70	67	69	70	70	70	70	69	70	70	70	70	70	70	70	70	70	70	70	70	70	69	66	70	69	70	70	70	70	
5000	70	70	69	69	70	70	70	70	69	70	70	70	67	70	70	70	70	70	70	70	70	70	70	68	70	69	70	70	70	70	
5050	70	67	70	69	70	70	70	70	69	70	70	70	69	70	70	67	70	70	70	70	70	70	70	69	70	69	66	70	70	70	
5100	70	69	70	69	70	70	70	70	69	70	70	70	70	70	70	69	70	70	70	66	70	70	70	69	70	69	69	70	70	70	
5150	70	70	70	69	70	70	70	70	69	70	70	70	70	70	70	70	70	70	70	69	70	70	70	69	67	69	70	70	70	70	
5250	67	70	70	66	70	67	70	70	69	70	70	70	70	70	70	70	70	70	70	70	70	70	70	69	69	69	70	70	70	70	
5300	69	70	70	68	70	69	70	70	69	70	70	70	70	70	70	70	70	70	70	70	70	70	70	69	70	69	70	70	70	70	
5350	70	70	70	69	70	70	70	70	69	70	70	70	70	70	70	70	70	70	70	70	70	70	70	69	70	67	70	70	66	70	
5400	70	70	70	69	70	70	70	70	67	67	70	70	70	70	67	70	67	70	70	70	70	70	70	69	70	68	70	70	69	70	
5450	70	70	70	69	70	70	70	70	68	69	70	70	70	70	70	70	69	67	70	70	70	70	70	69	70	69	70	70	70	70	
5500	70	70	70	69	70	70	66	70	69	70	70	70	70	70	70	70	70	69	70	70	70	70	70	69	70	69	70	70	70	70	
5550	70	70	70	69	70	70	69	70	69	70	70	66	70	67	70	70	70	70	70	70	70	67	70	69	70	69	70	70	70	70	
5600	70	70	70	69	70	70	70	70	69	70	67	69	70	69	70	70	70	70	68	70	70	69	70	69	70	69	70	70	70	70	
5650	70	70	70	69	67	70	70	67	69	70	69	70	70	70	70	70	70	70	69	70	68	70	70	69	70	69	70	70	70	67	
5700	70	70	70	69	69	70	70	69	69	70	70	70	70	70	70	70	70	70	70	70	70	70	67	69	70	69	70	67	70	69	
5750	70	70	67	69	70	70	70	70	69	70	70	70	70	70	70	70	70	70	70	70	70	70	69	69	70	69	70	69	70	70	
5800	70	70	69	69	70	70	70	70	69	70	70	70	68	70	70	70	70	70	70	70	70	70	70	69	70	69	70	70	70	70	
5850	70	67	70	69	70	70	70	70	69	70	70	70	69	70	70	67	70	70	70	70	70	70	70	69	70	69	67	70	70	70	
5900	70	69	70	69	70	70	70	70	69	70	70	70	70	70	70	69	70	70	70	67	70	70	70	67	70	69	69	70	70	70	
5950	70	70	70	69	70	70	70	70	69	70	70	70	70	70	70	70	70	70	70	69	70	70	70	68	67	69	70	70	70	70	
6050	67	70	70	66	70	66	70	70	69	70	70	70	70	70	70	70	70	70	70	70	70	70	70	69	69	69	70	70	70	70	
6100	69	70	70	68	70	69	70	70	69	70	70	70	70	70	70	70	70	70	70	70	70	70	70	69	70	69	70	70	70	70	
6150	70	70	70	69	70	70	70	70	69	70	70	70	70	70	70	70	70	70	70	70	70	70	70	69	70	66	70	70	67	70	
6200	70	70	70	69	70	70	70	70	67	67	70	70	70	70	67	70	67	70	70	70	70	70	70	69	70	68	70	70	69	70	
6250	70	70	70	69	70	70	70	70	68	69	70	70	70	70	69	70	69	67	70	70	70	70	70	69	70	69	70	70	70	70	
6300	70	70	70	69	70	70	67	70	69	70	70	70	70	70	70	70	70	69	70	70	70	70	70	69	70	69	70	70	70	70	
6350	70	70	70	69	70	70	69	70	69	70	70	66	70	66	70	70	70	70	70	70	70	68	70	69	70	69	70	70	70	70	
6400	70	70	70	69	70	70	70	70	69	70	67	69	70	69	70	70	70	70	66	70	70	70	70	69	70	69	70	70	70	70	
6450	70	70	70	69	67	70	70	67	69	70	69	70	70	70	70	70	70	70	69	70	67	70	70	69	70	69	70	70	70	67	
6500	70	70	70	69	69	70	70	69	69	70	70	70	70	70	70	70	70	70	70	70	69	70	67	69	70	69	70	67	70	69	
6550	70	70	67	69	70	70	70	70	69	70	70	70	70	70	70	70	70	70	70	70	70	70	69	69	70	69	70	69	70	70	
6600	70	70	69	69	70	70	70	70	69	70	70	70	67	70	70	70	70	70	70	70	70	70	70	69	70	69	70	70	70	70	
6650	70	67	70	69	70	70	70	70	69	70	70	70	69	70	70	67	70	70	70	70	70	70	70	69	70	69	67	70	70	70	
6700	70	69	70	69	70	70	70	70	69	70	70	70	70	70	70	69	70	70	70	67	70	70	70	66	70	69	69	70	70	70	
6750	70	70	70	69	70	70	70	70	69	70	70	70	70	70	70	70	70	70	70	69	70	70	70	68	67	69	70	70	70	70	
6850	67	70	70	66	70	66	70	70	69	70	70	70	70	70	70	70	70	70	70	70	70	70	70	69	69	69	70	70	70	70	
6900	69	70	70	68	70	69	70	70	69	70	70	70	70	70	70	70	70	70	70	70	70	70	70	69	70	69	70	70	70	70	
6950	70	70	70	69	70	70	70	70	69	70	70	70	70	70	70	70	70	70	70	70	70	70	70	69	70	66	70	70	66	70	
7000	70	70	70	69	70	70	70	70	66	66	70	70	70	70	67	70	67	70	70	70	70	70	70	69	70	69	70	70	69	70	
7050	70	70	70	69	70	70	70	70	68	69	70	70	70	70	69	70	69	67	70	70	70	70	70	69	70	69	70	70	70	70	
7100	70	70	70	69	70	70	67	70	69	70	70	70	70	70	70	70	70	69	70	70	70	70	70	69	70	69	70	70	70	70	
7150	70	70	70	69	70	70	69	70	69	70	70	66	70	68	70	70	70	70	70	70	70	68	70	69	70	69	70	70	70	70	
7200	70	70	70	69	70	70	70	70	69	70	67	69	70	70	70	70	70	70	67	70	70	70	70	69	70	69	70	70	70	70	
7250	70	70	70	69	67	70	70	67	69	70	69	70	70	70	70	70	70	70	69	70	67	70	70	69	70	69	70	70	70	67	
7300	70	70	70	69	69	70	70	69	69	70	70	70	70	70	70	70	70	70	70	70	69	70	67	70	70	69	70	67	70	69	
7350	70	70	67	69	70	70	70	70	69	70	70	70	70	70	70	70	70	70	70	70	70	70	69	70	70	69	70	69	70	70	
7400	70	70	69	69	70	70	70	70	69	70	70	70	67	70	70	70	70	70	70	70	70	70	70	70	70	69	70	70	70	70	
7450	70	67	70	69	70	70	70	70	69	70	70	70	69	70	70	67	70	70	70	70	70	70	70	70	70	69	68	70	70	70	
7500	70	69	70	69	70	70	70	70	69	70	70	70	70	70	70	69	70	70	70	67	70	70	70	68	70	69	69	70	70	70	
7550	70	70	70	69	70	70	70	70	69	70	70	70	70	70	70	70	70	70	70	69	70	70	70	69	67	69	70	70	70	70	
7650	67	70	70	66	70	67	70	70	69	70	70	70	70	70	70	70	70	70	70	70	70	70	70	70	70	69	70	70	70	70	
7700	69	70	70	68	70	69	70	70	69	70	70	70	70	70	70	70	70	70	70	70	70	70	70	70	70	69	70	70	70	70	
7750	70	70	70	69	70	69	70	70	69	70	70	70	70	70	70	70	70	70	70	70	70	70	70	70	70	69	70	70	67	70	
7800	70	70	70	69	70	70	70	70	66	66	70	70	70	70	67	70	67	70	70	70	70	70	70	70	70	67	70	70	69	70	
7850	70	70	70	69	70	70	70	70	68	69	70	70	70	70	70	70	69	68	70	70	70	70	70	70	70	69	70	70	70	70	
7900	70	70	70	69	70	70	67	70	69	70	70	70	70	70	70	70	70	70	70	70	70	70	70	70	70	69	70	70	70	70	
7950	70	70	70	69	70	70	69	70	69	70	70	67	70	67	70	70	70	70	70	70	70	67	70	70	70	69	70	70	70	70	
8000	70	70	70	69	70	70	70	70	69	70	67	69	70	69	70	70	70	70	67	70	70	69	70	70	70	69	70	70	70	70	
8050	70	70	70	69	66	70	70	66	69	70	69	70	70	70	70	70	70	70	69	70	67	70	70	70	70	69	70	70	70	67	
8100	70	70	70	69	69	70	70	69	69	70	70	70	70	70	70	70	70	70	70	70	69	70	67	70	70	70	70	67	70	69	
8150	70	70	67	69	70	70	70	70	69	70	70	70	70	70	70	70	70	70	70	70	70	70	69	70	70	70	70	69	70	70	
8200	70	70	69	69	70	70	70	70	69	70	70	70	67	70	70	70	70	70	70	70	70	70	70	70	70	70	70	70	70	70	
8250	70	66	70	69	70	70	70	70	69	70	70	70	69	70	70	68	70	70	70	70	70	70	70	70	70	70	67	70	70	70	
8300	70	69	70	69	70	70	70	70	69	70	70	70	70	70	70	70	70	70	70	67	70	70	70	68	70	70	69	70	70	70	
8350	70	70	70	69	70	70	70	70	69	70	70	70	70	70	70	70	70	70	70	69	70	70	70	70	67	70	70	70	70	70	
8450	67	70	70	66	70	67	70	70	69	70	70	70	70	70	70	70	70	70	70	70	70	70	70	70	70	70	70	70	70	70	
8500	69	70	70	68	70	69	70	70	69	70	70	70	70	70	70	70	70	70	70	70	70	70	70	70	70	70	70	70	70	70	
8550	70	70	70	69	70	70	70	70	69	70	70	70	70	70	70	70	70	70	70	70	70	70	70	70	70	70	70	70	66	70	
8600	70	70	70	69	70	70	70	70	66	67	70	70	70	70	66	70	67	70	70	70	70	70	70	70	70	67	70	70	69	70	
8650	70	70	70	69	70	70	70	70	68	69	70	70	70	70	69	70	69	67	70	70	70	70	70	70	70	69	70	70	70	70	
8700	70	70	70	69	70	70	67	70	69	70	70	70	70	70	70	70	70	69	70	70	70	70	70	70	70	70	70	70	70	70	
8750	70	70	70	69	70	70	69	70	69	70	70	68	70	66	70	70	70	70	70	70	70	67	70	70	70	70	70	70	70	70	
8800	70	70	70	69	70	70	70	70	69	70	67	69	70	69	70	70	70	70	67	70	70	69	70	70	70	70	70	70	70	70	
8850	70	70	70	69	67	70	70	67	69	70	69	70	70	70	70	70	70	70	70	70	67	70	70	70	70	70	70	70	70	67	
8900	70	70	70	69	69	70	70	69	69	70	70	70	70	70	70	70	70	70	70	70	69	70	67	70	70	70	70	68	70	69	
8950	70	70	67	69	70	70	70	70	69	70	70	70	70	70	70	70	70	70	70	70	70	70	69	70	70	70	70	70	70	70	
9000	70	70	69	69	70	70	70	70	69	70	70	70	67	70	70	70	70	70	70	70	70	70	70	70	70	70	70	70	70	70	
9050	70	67	70	69	70	70	70	70	69	70	70	70	69	70	70	67	70	70	70	70	70	70	70	70	70	70	67	70	70	70	
9100	70	69	70	69	70	70	70	70	69	70	70	70	70	70	70	69	70	70	70	67	70	70	70	67	70	70	69	70	70	70	
9150	70	70	70	69	70	70	70	70	69	70	70	70	70	70	70	70	70	70	70	69	70	70	70	70	67	70	70	70	70	70	
9250	67	70	70	66	70	66	70	70	69	70	70	70	70	70	70	70	70	70	70	70	70	70	70	70	69	70	70	70	70	70	
9300	69	70	70	68	70	69	70	70	69	70	70	70	70	70	70	70	70	70	70	70	70	70	70	70	70	70	70	70	70	70	
9350	70	70	70	69	70	70	70	70	69	70	70	70	70	70	70	70	70	70	70	70	70	70	70	70	70	70	70	70	67	70	
9400	70	70	70	69	70	70	70	70	66	67	70	70	70	70	67	70	67	70	70	70	70	70	70	70	70	67	70	70	69	70	
9450	70	70	70	69	70	70	70	70	68	69	70	70	70	70	69	70	69	66	70	70	70	70	70	70	70	70	70	70	70	70	
9500	70	70	70	69	70	70	67	70	69	70	70	70	70	70	70	70	70	69	70	70	70	70	70	70	70	70	70	70	70	70	
9550	70	70	70	69	70	70	69	70	69	70	70	66	70	67	70	70	70	70	70	70	70	66	70	70	70	70	70	70	70	70	
9600	70	70	70	69	70	70	70	70	69	70	67	69	70	69	70	70	70	70	66	70	70	69	70	70	70	70	70	70	70	70	
9650	70	70	70	69	67	70	70	66	69	70	69	70	70	70	70	70	70	70	69	70	67	70	70	70	70	70	70	70	70	67	
9700	70	70	70	69	69	70	70	69	69	70	70	70	70	70	70	70	70	70	70	70	69	70	67	70	70	70	70	67	70	69	
9750	70	70	67	69	70	70	70	70	69	70	70	70	70	70	70	70	70	70	70	70	70	70	69	70	70	70	70	70	70	70	
9800	70	70	69	69	70	70	70	70	69	70	70	70	67	70	70	70	70	70	70	70	70	70	70	70	70	70	70	70	70	70	
9850	70	66	70	69	70	70	70	70	69	70	70	70	69	70	70	67	70	70	70	70	70	70	70	70	70	70	67	70	70	70	
9900	70	69	70	69	70	70	70	70	69	70	70	70	70	70	70	69	70	70	70	66	70	70	70	66	70	70	69	70	70	70	
9950	70	70	70	69	70	70	70	70	69	70	70	70	70	70	70	70	70	70	70	69	70	70	70	69	66	70	70	70	70	70	
		70	70	66	70	67	70	70	69	70	70	70	70	70	70	70	70	70	70	70	70	70	70		69	70	70	70	70	70	
										70												70							70		


Evals | 1 2 3 ... BEST
150	67	67	66	66	68	65	66	65	66	66	67	67	66	67	67	68	69	68	68	65	67	65	66	68	66	67	66	67	67	66	
200	67	67	66	66	68	65	68	67	66	66	67	67	66	67	67	68	69	68	68	65	67	65	66	68	66	67	66	67	67	66	
250	67	67	66	66	68	65	68	67	66	67	67	67	66	67	67	68	69	68	68	66	67	65	66	68	66	67	66	67	67	66	
300	69	67	66	66	68	65	68	67	66	67	67	67	68	67	69	68	69	68	68	67	67	66	66	68	67	67	66	67	67	67	
350	69	67	66	66	68	65	68	67	66	67	67	67	68	67	69	68	69	68	68	67	67	67	66	68	67	67	66	67	67	69	
400	70	67	66	66	68	66	68	67	66	67	68	67	68	67	69	68	69	68	68	67	67	67	66	68	67	68	66	67	67	69	
450	70	67	66	66	68	67	68	67	66	67	68	68	68	69	69	68	69	68	68	67	67	68	66	68	67	68	66	67	68	69	
500	70	67	68	67	69	67	69	68	67	67	68	68	68	69	69	68	69	68	69	67	67	68	66	68	67	69	66	67	68	69	
550	70	67	68	67	69	67	69	68	69	68	68	68	68	69	70	68	70	68	69	67	67	68	66	68	67	69	67	68	68	69	
600	70	67	68	68	69	67	69	68	69	68	68	69	68	69	70	68	70	70	69	67	68	68	67	68	67	69	68	68	68	69	
650	70	68	68	68	69	67	70	68	69	69	68	69	68	69	70	69	70	70	69	68	68	68	67	68	68	69	68	68	68	69	
700	70	69	68	68	69	68	70	69	69	69	69	70	68	70	70	69	70	70	69	68	68	68	68	68	68	69	68	69	69	69	
750	70	69	68	68	69	69	70	69	69	69	70	70	68	70	70	69	70	70	70	69	68	68	68	68	68	69	69	69	69	69	
800	70	69	68	68	70	69	70	70	69	69	70	70	68	70	70	69	70	70	70	69	70	68	68	68	68	69	69	69	69	70	
850	70	69	69	68	70	69	70	70	69	69	70	70	69	70	70	69	70	70	70	69	70	68	70	68	68	69	69	70	69	70	
900	70	69	70	68	70	69	70	70	69	69	70	70	69	70	70	69	70	70	70	69	70	69	70	69	68	69	69	70	69	70	
950	70	69	70	68	70	69	70	70	69	69	70	70	70	70	70	69	70	70	70	69	70	69	70	69	69	69	69	70	69	70	
1000	70	70	70	68	70	69	70	70	69	69	70	70	70	70	70	70	70	70	70	69	70	69	70	69	69	69	70	70	69	70	
1050	70	70	70	68	70	69	70	70	69	69	70	70	70	70	70	70	70	70	70	70	70	69	70	69	69	69	70	70	69	70	
1100	70	70	70	68	70	69	70	70	69	69	70	70	70	70	70	70	70	70	70	70	70	69	70	69	69	69	70	70	69	70	
1150	70	70	70	69	70	70	70	70	69	69	70	70	70	70	70	70	70	70	70	70	70	69	70	69	69	69	70	70	69	70	
1250	70	70	70	69	70	70	70	70	69	69	70	70	70	70	70	70	70	70	70	70	70	69	70	69	69	69	70	70	69	70	
1300	70	70	70	69	70	70	70	70	69	69	70	70	70	70	70	70	70	70	70	70	70	69	70	69	69	69	70	70	70	70	
1350	70	70	70	69	70	70	70	70	69	70	70	70	70	70	70	70	70	70	70	70	70	69	70	69	69	69	70	70	70	70	
1400	70	70	70	69	70	70	70	70	69	70	70	70	70	70	70	70	70	70	70	70	70	69	70	69	69	69	70	70	70	70	
1450	70	70	70	69	70	70	70	70	69	70	70	70	70	70	70	70	70	70	70	70	70	69	70	69	69	69	70	70	70	70	
1500	70	70	70	69	70	70	70	70	69	70	70	70	70	70	70	70	70	70	70	70	70	70	70	69	69	69	70	70	70	70	
1550	70	70	70	69	70	70	70	70	69	70	70	70	70	70	70	70	70	70	70	70	70	70	70	69	69	69	70	70	70	70	
1600	70	70	70	69	70	70	70	70	69	70	70	70	70	70	70	70	70	70	70	70	70	70	70	69	69	69	70	70	70	70	
1650	70	70	70	69	70	70	70	70	69	70	70	70	70	70	70	70	70	70	70	70	70	70	70	69	69	69	70	70	70	70	
1700	70	70	70	69	70	70	70	70	69	70	70	70	70	70	70	70	70	70	70	70	70	70	70	69	69	69	70	70	70	70	
1750	70	70	70	69	70	70	70	70	69	70	70	70	70	70	70	70	70	70	70	70	70	70	70	69	69	69	70	70	70	70	
1800	70	70	70	69	70	70	70	70	69	70	70	70	70	70	70	70	70	70	70	70	70	70	70	69	69	69	70	70	70	70	
1850	70	70	70	69	70	70	70	70	69	70	70	70	70	70	70	70	70	70	70	70	70	70	70	69	69	69	70	70	70	70	
1900	70	70	70	69	70	70	70	70	69	70	70	70	70	70	70	70	70	70	70	70	70	70	70	69	69	69	70	70	70	70	
1950	70	70	70	69	70	70	70	70	69	70	70	70	70	70	70	70	70	70	70	70	70	70	70	69	69	69	70	70	70	70	
2050	70	70	70	69	70	70	70	70	69	70	70	70	70	70	70	70	70	70	70	70	70	70	70	69	69	69	70	70	70	70	
2100	70	70	70	69	70	70	70	70	69	70	70	70	70	70	70	70	70	70	70	70	70	70	70	69	70	69	70	70	70	70	
2150	70	70	70	69	70	70	70	70	69	70	70	70	70	70	70	70	70	70	70	70	70	70	70	69	70	69	70	70	70	70	
2200	70	70	70	69	70	70	70	70	69	70	70	70	70	70	70	70	70	70	70	70	70	70	70	69	70	69	70	70	70	70	
2250	70	70	70	69	70	70	70	70	69	70	70	70	70	70	70	70	70	70	70	70	70	70	70	69	70	69	70	70	70	70	
2300	70	70	70	69	70	70	70	70	69	70	70	70	70	70	70	70	70	70	70	70	70	70	70	69	70	69	70	70	70	70	
2350	70	70	70	69	70	70	70	70	69	70	70	70	70	70	70	70	70	70	70	70	70	70	70	69	70	69	70	70	70	70	
2400	70	70	70	69	70	70	70	70	69	70	70	70	70	70	70	70	70	70	70	70	70	70	70	69	70	69	70	70	70	70	
2450	70	70	70	69	70	70	70	70	69	70	70	70	70	70	70	70	70	70	70	70	70	70	70	69	70	69	70	70	70	70	
2500	70	70	70	69	70	70	70	70	69	70	70	70	70	70	70	70	70	70	70	70	70	70	70	69	70	69	70	70	70	70	
2550	70	70	70	69	70	70	70	70	69	70	70	70	70	70	70	70	70	70	70	70	70	70	70	69	70	69	70	70	70	70	
2600	70	70	70	69	70	70	70	70	69	70	70	70	70	70	70	70	70	70	70	70	70	70	70	69	70	69	70	70	70	70	
2650	70	70	70	69	70	70	70	70	69	70	70	70	70	70	70	70	70	70	70	70	70	70	70	69	70	69	70	70	70	70	
2700	70	70	70	69	70	70	70	70	69	70	70	70	70	70	70	70	70	70	70	70	70	70	70	69	70	69	70	70	70	70	
2750	70	70	70	69	70	70	70	70	69	70	70	70	70	70	70	70	70	70	70	70	70	70	70	69	70	69	70	70	70	70	
2850	70	70	70	69	70	70	70	70	69	70	70	70	70	70	70	70	70	70	70	70	70	70	70	69	70	69	70	70	70	70	
2900	70	70	70	69	70	70	70	70	69	70	70	70	70	70	70	70	70	70	70	70	70	70	70	69	70	69	70	70	70	70	
2950	70	70	70	69	70	70	70	70	69	70	70	70	70	70	70	70	70	70	70	70	70	70	70	69	70	69	70	70	70	70	
3000	70	70	70	69	70	70	70	70	69	70	70	70	70	70	70	70	70	70	70	70	70	70	70	69	70	69	70	70	70	70	
3050	70	70	70	69	70	70	70	70	69	70	70	70	70	70	70	70	70	70	70	70	70	70	70	69	70	69	70	70	70	70	
3100	70	70	70	69	70	70	70	70	69	70	70	70	70	70	70	70	70	70	70	70	70	70	70	69	70	69	70	70	70	70	
3150	70	70	70	69	70	70	70	70	69	70	70	70	70	70	70	70	70	70	70	70	70	70	70	69	70	69	70	70	70	70	
3200	70	70	70	69	70	70	70	70	69	70	70	70	70	70	70	70	70	70	70	70	70	70	70	69	70	69	70	70	70	70	
3250	70	70	70	69	70	70	70	70	69	70	70	70	70	70	70	70	70	70	70	70	70	70	70	69	70	69	70	70	70	70	
3300	70	70	70	69	70	70	70	70	69	70	70	70	70	70	70	70	70	70	70	70	70	70	70	69	70	69	70	70	70	70	
3350	70	70	70	69	70	70	70	70	69	70	70	70	70	70	70	70	70	70	70	70	70	70	70	69	70	69	70	70	70	70	
3400	70	70	70	69	70	70	70	70	69	70	70	70	70	70	70	70	70	70	70	70	70	70	70	69	70	69	70	70	70	70	
3450	70	70	70	69	70	70	70	70	69	70	70	70	70	70	70	70	70	70	70	70	70	70	70	69	70	69	70	70	70	70	
3500	70	70	70	69	70	70	70	70	69	70	70	70	70	70	70	70	70	70	70	70	70	70	70	69	70	69	70	70	70	70	
3550	70	70	70	69	70	70	70	70	69	70	70	70	70	70	70	70	70	70	70	70	70	70	70	69	70	69	70	70	70	70	
3650	70	70	70	69	70	70	70	70	69	70	70	70	70	70	70	70	70	70	70	70	70	70	70	69	70	69	70	70	70	70	
3700	70	70	70	69	70	70	70	70	69	70	70	70	70	70	70	70	70	70	70	70	70	70	70	69	70	69	70	70	70	70	
3750	70	70	70	69	70	70	70	70	69	70	70	70	70	70	70	70	70	70	70	70	70	70	70	69	70	69	70	70	70	70	
3800	70	70	70	69	70	70	70	70	69	70	70	70	70	70	70	70	70	70	70	70	70	70	70	69	70	69	70	70	70	70	
3850	70	70	70	69	70	70	70	70	69	70	70	70	70	70	70	70	70	70	70	70	70	70	70	69	70	69	70	70	70	70	
3900	70	70	70	69	70	70	70	70	69	70	70	70	70	70	70	70	70	70	70	70	70	70	70	69	70	69	70	70	70	70	
3950	70	70	70	69	70	70	70	70	69	70	70	70	70	70	70	70	70	70	70	70	70	70	70	69	70	69	70	70	70	70	
4000	70	70	70	69	70	70	70	70	69	70	70	70	70	70	70	70	70	70	70	70	70	70	70	69	70	69	70	70	70	70	
4050	70	70	70	69	70	70	70	70	69	70	70	70	70	70	70	70	70	70	70	70	70	70	70	69	70	69	70	70	70	70	
4100	70	70	70	69	70	70	70	70	69	70	70	70	70	70	70	70	70	70	70	70	70	70	70	69	70	69	70	70	70	70	
4150	70	70	70	69	70	70	70	70	69	70	70	70	70	70	70	70	70	70	70	70	70	70	70	69	70	69	70	70	70	70	
4200	70	70	70	69	70	70	70	70	69	70	70	70	70	70	70	70	70	70	70	70	70	70	70	69	70	69	70	70	70	70	
4250	70	70	70	69	70	70	70	70	69	70	70	70	70	70	70	70	70	70	70	70	70	70	70	69	70	69	70	70	70	70	
4300	70	70	70	69	70	70	70	70	69	70	70	70	70	70	70	70	70	70	70	70	70	70	70	69	70	69	70	70	70	70	
4350	70	70	70	69	70	70	70	70	69	70	70	70	70	70	70	70	70	70	70	70	70	70	70	69	70	69	70	70	70	70	
4450	70	70	70	69	70	70	70	70	69	70	70	70	70	70	70	70	70	70	70	70	70	70	70	69	70	69	70	70	70	70	
4500	70	70	70	69	70	70	70	70	69	70	70	70	70	70	70	70	70	70	70	70	70	70	70	69	70	69	70	70	70	70	
4550	70	70	70	69	70	70	70	70	69	70	70	70	70	70	70	70	70	70	70	70	70	70	70	69	70	69	70	70	70	70	
4600	70	70	70	69	70	70	70	70	69	70	70	70	70	70	70	70	70	70	70	70	70	70	70	69	70	69	70	70	70	70	
4650	70	70	70	69	70	70	70	70	69	70	70	70	70	70	70	70	70	70	70	70	70	70	70	69	70	69	70	70	70	70	
4700	70	70	70	69	70	70	70	70	69	70	70	70	70	70	70	70	70	70	70	70	70	70	70	69	70	69	70	70	70	70	
4750	70	70	70	69	70	70	70	70	69	70	70	70	70	70	70	70	70	70	70	70	70	70	70	69	70	69	70	70	70	70	
4800	70	70	70	69	70	70	70	70	69	70	70	70	70	70	70	70	70	70	70	70	70	70	70	69	70	69	70	70	70	70	
4850	70	70	70	69	70	70	70	70	69	70	70	70	70	70	70	70	70	70	70	70	70	70	70	69	70	69	70	70	70	70	
4900	70	70	70	69	70	70	70	70	69	70	70	70	70	70	70	70	70	70	70	70	70	70	70	69	70	69	70	70	70	70	
4950	70	70	70	69	70	70	70	70	69	70	70	70	70	70	70	70	70	70	70	70	70	70	70	69	70	69	70	70	70	70	
5000	70	70	70	69	70	70	70	70	69	70	70	70	70	70	70	70	70	70	70	70	70	70	70	69	70	69	70	70	70	70	
5050	70	70	70	69	70	70	70	70	69	70	70	70	70	70	70	70	70	70	70	70	70	70	70	70	70	69	70	70	70	70	
5100	70	70	70	69	70	70	70	70	69	70	70	70	70	70	70	70	70	70	70	70	70	70	70	70	70	69	70	70	70	70	
5150	70	70	70	69	70	70	70	70	69	70	70	70	70	70	70	70	70	70	70	70	70	70	70	70	70	69	70	70	70	70	
5250	70	70	70	69	70	70	70	70	69	70	70	70	70	70	70	70	70	70	70	70	70	70	70	70	70	69	70	70	70	70	
5300	70	70	70	69	70	70	70	70	69	70	70	70	70	70	70	70	70	70	70	70	70	70	70	70	70	69	70	70	70	70	
5350	70	70	70	69	70	70	70	70	69	70	70	70	70	70	70	70	70	70	70	70	70	70	70	70	70	69	70	70	70	70	
5400	70	70	70	69	70	70	70	70	69	70	70	70	70	70	70	70	70	70	70	70	70	70	70	70	70	69	70	70	70	70	
5450	70	70	70	69	70	70	70	70	69	70	70	70	70	70	70	70	70	70	70	70	70	70	70	70	70	69	70	70	70	70	
5500	70	70	70	69	70	70	70	70	69	70	70	70	70	70	70	70	70	70	70	70	70	70	70	70	70	69	70	70	70	70	
5550	70	70	70	69	70	70	70	70	69	70	70	70	70	70	70	70	70	70	70	70	70	70	70	70	70	69	70	70	70	70	
5600	70	70	70	69	70	70	70	70	69	70	70	70	70	70	70	70	70	70	70	70	70	70	70	70	70	69	70	70	70	70	
5650	70	70	70	69	70	70	70	70	69	70	70	70	70	70	70	70	70	70	70	70	70	70	70	70	70	69	70	70	70	70	
5700	70	70	70	69	70	70	70	70	69	70	70	70	70	70	70	70	70	70	70	70	70	70	70	70	70	69	70	70	70	70	
5750	70	70	70	69	70	70	70	70	69	70	70	70	70	70	70	70	70	70	70	70	70	70	70	70	70	69	70	70	70	70	
5800	70	70	70	69	70	70	70	70	69	70	70	70	70	70	70	70	70	70	70	70	70	70	70	70	70	69	70	70	70	70	
5850	70	70	70	69	70	70	70	70	69	70	70	70	70	70	70	70	70	70	70	70	70	70	70	70	70	69	70	70	70	70	
5900	70	70	70	69	70	70	70	70	69	70	70	70	70	70	70	70	70	70	70	70	70	70	70	70	70	69	70	70	70	70	
5950	70	70	70	69	70	70	70	70	69	70	70	70	70	70	70	70	70	70	70	70	70	70	70	70	70	69	70	70	70	70	
6050	70	70	70	69	70	70	70	70	69	70	70	70	70	70	70	70	70	70	70	70	70	70	70	70	70	69	70	70	70	70	
6100	70	70	70	69	70	70	70	70	69	70	70	70	70	70	70	70	70	70	70	70	70	70	70	70	70	69	70	70	70	70	
6150	70	70	70	69	70	70	70	70	69	70	70	70	70	70	70	70	70	70	70	70	70	70	70	70	70	69	70	70	70	70	
6200	70	70	70	69	70	70	70	70	69	70	70	70	70	70	70	70	70	70	70	70	70	70	70	70	70	69	70	70	70	70	
6250	70	70	70	69	70	70	70	70	69	70	70	70	70	70	70	70	70	70	70	70	70	70	70	70	70	69	70	70	70	70	
6300	70	70	70	69	70	70	70	70	69	70	70	70	70	70	70	70	70	70	70	70	70	70	70	70	70	69	70	70	70	70	
6350	70	70	70	69	70	70	70	70	69	70	70	70	70	70	70	70	70	70	70	70	70	70	70	70	70	69	70	70	70	70	
6400	70	70	70	69	70	70	70	70	69	70	70	70	70	70	70	70	70	70	70	70	70	70	70	70	70	69	70	70	70	70	
6450	70	70	70	69	70	70	70	70	69	70	70	70	70	70	70	70	70	70	70	70	70	70	70	70	70	69	70	70	70	70	
6500	70	70	70	69	70	70	70	70	69	70	70	70	70	70	70	70	70	70	70	70	70	70	70	70	70	69	70	70	70	70	
6550	70	70	70	69	70	70	70	70	69	70	70	70	70	70	70	70	70	70	70	70	70	70	70	70	70	69	70	70	70	70	
6600	70	70	70	69	70	70	70	70	69	70	70	70	70	70	70	70	70	70	70	70	70	70	70	70	70	69	70	70	70	70	
6650	70	70	70	69	70	70	70	70	69	70	70	70	70	70	70	70	70	70	70	70	70	70	70	70	70	69	70	70	70	70	
6700	70	70	70	69	70	70	70	70	69	70	70	70	70	70	70	70	70	70	70	70	70	70	70	70	70	69	70	70	70	70	
6750	70	70	70	69	70	70	70	70	69	70	70	70	70	70	70	70	70	70	70	70	70	70	70	70	70	69	70	70	70	70	
6850	70	70	70	69	70	70	70	70	69	70	70	70	70	70	70	70	70	70	70	70	70	70	70	70	70	69	70	70	70	70	
6900	70	70	70	69	70	70	70	70	69	70	70	70	70	70	70	70	70	70	70	70	70	70	70	70	70	69	70	70	70	70	
6950	70	70	70	69	70	70	70	70	69	70	70	70	70	70	70	70	70	70	70	70	70	70	70	70	70	70	70	70	70	70	
7000	70	70	70	69	70	70	70	70	69	70	70	70	70	70	70	70	70	70	70	70	70	70	70	70	70	70	70	70	70	70	
7050	70	70	70	69	70	70	70	70	69	70	70	70	70	70	70	70	70	70	70	70	70	70	70	70	70	70	70	70	70	70	
7100	70	70	70	69	70	70	70	70	69	70	70	70	70	70	70	70	70	70	70	70	70	70	70	70	70	70	70	70	70	70	
7150	70	70	70	69	70	70	70	70	69	70	70	70	70	70	70	70	70	70	70	70	70	70	70	70	70	70	70	70	70	70	
7200	70	70	70	69	70	70	70	70	69	70	70	70	70	70	70	70	70	70	70	70	70	70	70	70	70	70	70	70	70	70	
7250	70	70	70	69	70	70	70	70	69	70	70	70	70	70	70	70	70	70	70	70	70	70	70	70	70	70	70	70	70	70	
7300	70	70	70	69	70	70	70	70	69	70	70	70	70	70	70	70	70	70	70	70	70	70	70	70	70	70	70	70	70	70	
7350	70	70	70	69	70	70	70	70	69	70	70	70	70	70	70	70	70	70	70	70	70	70	70	70	70	70	70	70	70	70	
7400	70	70	70	69	70	70	70	70	69	70	70	70	70	70	70	70	70	70	70	70	70	70	70	70	70	70	70	70	70	70	
7450	70	70	70	69	70	70	70	70	69	70	70	70	70	70	70	70	70	70	70	70	70	70	70	70	70	70	70	70	70	70	
7500	70	70	70	69	70	70	70	70	69	70	70	70	70	70	70	70	70	70	70	70	70	70	70	70	70	70	70	70	70	70	
7550	70	70	70	69	70	70	70	70	69	70	70	70	70	70	70	70	70	70	70	70	70	70	70	70	70	70	70	70	70	70	
7650	70	70	70	69	70	70	70	70	69	70	70	70	70	70	70	70	70	70	70	70	70	70	70	70	70	70	70	70	70	70	
7700	70	70	70	69	70	70	70	70	69	70	70	70	70	70	70	70	70	70	70	70	70	70	70	70	70	70	70	70	70	70	
7750	70	70	70	69	70	70	70	70	69	70	70	70	70	70	70	70	70	70	70	70	70	70	70	70	70	70	70	70	70	70	
7800	70	70	70	69	70	70	70	70	69	70	70	70	70	70	70	70	70	70	70	70	70	70	70	70	70	70	70	70	70	70	
7850	70	70	70	69	70	70	70	70	69	70	70	70	70	70	70	70	70	70	70	70	70	70	70	70	70	70	70	70	70	70	
7900	70	70	70	69	70	70	70	70	69	70	70	70	70	70	70	70	70	70	70	70	70	70	70	70	70	70	70	70	70	70	
7950	70	70	70	69	70	70	70	70	69	70	70	70	70	70	70	70	70	70	70	70	70	70	70	70	70	70	70	70	70	70	
8000	70	70	70	69	70	70	70	70	69	70	70	70	70	70	70	70	70	70	70	70	70	70	70	70	70	70	70	70	70	70	
8050	70	70	70	69	70	70	70	70	69	70	70	70	70	70	70	70	70	70	70	70	70	70	70	70	70	70	70	70	70	70	
8100	70	70	70	69	70	70	70	70	69	70	70	70	70	70	70	70	70	70	70	70	70	70	70	70	70	70	70	70	70	70	
8150	70	70	70	69	70	70	70	70	69	70	70	70	70	70	70	70	70	70	70	70	70	70	70	70	70	70	70	70	70	70	
8200	70	70	70	69	70	70	70	70	69	70	70	70	70	70	70	70	70	70	70	70	70	70	70	70	70	70	70	70	70	70	
8250	70	70	70	69	70	70	70	70	69	70	70	70	70	70	70	70	70	70	70	70	70	70	70	70	70	70	70	70	70	70	
8300	70	70	70	69	70	70	70	70	69	70	70	70	70	70	70	70	70	70	70	70	70	70	70	70	70	70	70	70	70	70	
8350	70	70	70	69	70	70	70	70	69	70	70	70	70	70	70	70	70	70	70	70	70	70	70	70	70	70	70	70	70	70	
8450	70	70	70	69	70	70	70	70	69	70	70	70	70	70	70	70	70	70	70	70	70	70	70	70	70	70	70	70	70	70	
8500	70	70	70	69	70	70	70	70	69	70	70	70	70	70	70	70	70	70	70	70	70	70	70	70	70	70	70	70	70	70	
8550	70	70	70	69	70	70	70	70	69	70	70	70	70	70	70	70	70	70	70	70	70	70	70	70	70	70	70	70	70	70	
8600	70	70	70	69	70	70	70	70	69	70	70	70	70	70	70	70	70	70	70	70	70	70	70	70	70	70	70	70	70	70	
8650	70	70	70	69	70	70	70	70	69	70	70	70	70	70	70	70	70	70	70	70	70	70	70	70	70	70	70	70	70	70	
8700	70	70	70	69	70	70	70	70	69	70	70	70	70	70	70	70	70	70	70	70	70	70	70	70	70	70	70	70	70	70	
8750	70	70	70	69	70	70	70	70	69	70	70	70	70	70	70	70	70	70	70	70	70	70	70	70	70	70	70	70	70	70	
8800	70	70	70	69	70	70	70	70	69	70	70	70	70	70	70	70	70	70	70	70	70	70	70	70	70	70	70	70	70	70	
8850	70	70	70	69	70	70	70	70	69	70	70	70	70	70	70	70	70	70	70	70	70	70	70	70	70	70	70	70	70	70	
8900	70	70	70	69	70	70	70	70	69	70	70	70	70	70	70	70	70	70	70	70	70	70	70	70	70	70	70	70	70	70	
8950	70	70	70	69	70	70	70	70	69	70	70	70	70	70	70	70	70	70	70	70	70	70	70	70	70	70	70	70	70	70	
9000	70	70	70	69	70	70	70	70	69	70	70	70	70	70	70	70	70	70	70	70	70	70	70	70	70	70	70	70	70	70	
9050	70	70	70	69	70	70	70	70	69	70	70	70	70	70	70	70	70	70	70	70	70	70	70	70	70	70	70	70	70	70	
9100	70	70	70	69	70	70	70	70	69	70	70	70	70	70	70	70	70	70	70	70	70	70	70	70	70	70	70	70	70	70	
9150	70	70	70	69	70	70	70	70	69	70	70	70	70	70	70	70	70	70	70	70	70	70	70	70	70	70	70	70	70	70	
9250	70	70	70	69	70	70	70	70	69	70	70	70	70	70	70	70	70	70	70	70	70	70	70	70	70	70	70	70	70	70	
9300	70	70	70	69	70	70	70	70	69	70	70	70	70	70	70	70	70	70	70	70	70	70	70	70	70	70	70	70	70	70	
9350	70	70	70	69	70	70	70	70	69	70	70	70	70	70	70	70	70	70	70	70	70	70	70	70	70	70	70	70	70	70	
9400	70	70	70	69	70	70	70	70	69	70	70	70	70	70	70	70	70	70	70	70	70	70	70	70	70	70	70	70	70	70	
9450	70	70	70	69	70	70	70	70	69	70	70	70	70	70	70	70	70	70	70	70	70	70	70	70	70	70	70	70	70	70	
9500	70	70	70	69	70	70	70	70	69	70	70	70	70	70	70	70	70	70	70	70	70	70	70	70	70	70	70	70	70	70	
9550	70	70	70	69	70	70	70	70	69	70	70	70	70	70	70	70	70	70	70	70	70	70	70	70	70	70	70	70	70	70	
9600	70	70	70	69	70	70	70	70	69	70	70	70	70	70	70	70	70	70	70	70	70	70	70	70	70	70	70	70	70	70	
9650	70	70	70	69	70	70	70	70	69	70	70	70	70	70	70	70	70	70	70	70	70	70	70	70	70	70	70	70	70	70	
9700	70	70	70	69	70	70	70	70	69	70	70	70	70	70	70	70	70	70	70	70	70	70	70	70	70	70	70	70	70	70	
9750	70	70	70	69	70	70	70	70	69	70	70	70	70	70	70	70	70	70	70	70	70	70	70	70	70	70	70	70	70	70	
9800	70	70	70	69	70	70	70	70	69	70	70	70	70	70	70	70	70	70	70	70	70	70	70	70	70	70	70	70	70	70	
9850	70	70	70	69	70	70	70	70	69	70	70	70	70	70	70	70	70	70	70	70	70	70	70	70	70	70	70	70	70	70	
9900	70	70	70	69	70	70	70	70	69	70	70	70	70	70	70	70	70	70	70	70	70	70	70	70	70	70	70	70	70	70	
9950	70	70	70	69	70	70	70	70	69	70	70	70	70	70	70	70	70	70	70	70	70	70	70	70	70	70	70	70	70	70	
		70	70	69	70	70	70	70	69	70	70	70	70	70	70	70	70	70	70	70	70	70	70		70	70	70	70	70	70	
										70												70							70		
