From log file: logs/3withrestarts.txt

Evals | 1 2 3 ... AVG
150	170	168	168	170	168	170	169	169	169	169	169	167	169	170	169	169	170	170	168	169	169	170	168	169	168	169	169	169	169	169	
200	172	171	170	172	171	172	171	171	171	171	171	169	170	172	172	171	172	173	170	171	171	171	171	171	170	172	172	171	171	171	
250	173	173	172	174	173	174	173	172	173	173	173	171	173	174	173	173	174	175	172	173	173	173	172	173	172	174	173	173	173	173	
300	175	175	174	177	175	176	174	174	175	175	175	172	175	175	175	175	176	177	174	175	175	175	174	174	174	176	175	175	174	174	
350	176	177	175	178	176	177	176	175	176	177	176	174	176	176	176	177	178	179	175	177	176	177	175	175	175	177	177	176	176	176	
400	178	179	177	179	178	179	178	177	178	178	177	175	177	178	178	178	179	180	176	179	178	178	176	177	177	179	178	178	177	177	
450	179	180	179	181	180	181	179	178	180	180	179	177	179	179	179	179	181	182	177	180	179	179	178	177	178	181	179	179	179	179	
500	181	182	180	182	181	182	181	179	181	181	180	178	180	181	181	181	182	184	179	182	181	180	179	179	180	182	180	180	180	180	
550	182	184	181	183	183	183	182	181	183	182	181	180	181	182	182	182	184	185	180	183	182	182	180	180	182	184	181	182	181	181	
600	183	185	182	185	184	185	183	182	184	183	182	181	183	183	183	183	185	187	182	184	183	183	182	181	183	186	183	183	182	182	
650	184	187	184	187	185	186	185	184	185	184	184	182	184	184	185	184	186	188	183	186	184	184	183	183	184	187	184	185	183	184	
700	185	188	185	188	186	188	186	185	187	186	185	184	185	185	186	185	187	190	184	187	186	186	185	184	185	188	185	186	185	185	
750	186	190	186	190	187	189	187	186	188	187	187	185	186	187	187	187	188	190	185	187	187	187	186	185	186	189	187	187	186	186	
800	187	191	187	191	189	191	188	187	189	188	188	186	187	188	188	188	189	191	187	188	188	188	188	187	187	190	188	189	187	187	
850	188	192	188	192	190	192	189	189	191	190	189	187	189	189	190	189	190	192	188	189	189	190	189	188	189	192	189	189	188	188	
900	189	193	189	193	191	192	190	190	192	191	190	188	190	190	191	190	191	193	189	189	191	191	190	189	190	192	190	190	189	189	
950	190	193	190	194	192	194	191	191	192	192	191	189	191	191	192	191	192	194	190	190	192	192	191	189	190	194	191	191	190	190	
1000	191	194	191	195	193	195	191	192	193	193	192	190	193	192	193	192	193	195	191	191	193	193	192	190	191	194	191	192	191	191	
1050	192	195	192	196	194	196	192	193	194	194	193	191	194	193	194	193	193	196	192	191	194	194	193	191	193	195	192	193	192	192	
1100	193	195	193	196	195	197	193	194	195	195	194	192	194	194	195	194	194	196	193	192	195	194	194	192	194	196	193	194	193	192	
1150	194	196	193	197	196	198	193	195	196	196	194	192	195	195	196	195	195	197	194	192	196	195	195	193	195	196	193	195	194	193	
1200	195	196	194	197	197	198	194	196	196	196	195	193	195	196	196	196	195	197	195	193	196	196	195	194	196	196	194	195	195	194	
1250	196	197	195	197	197	199	195	197	197	197	196	194	196	197	197	196	196	198	195	193	197	197	196	194	196	197	194	196	195	195	
1300	197	197	196	198	198	200	195	197	198	197	196	195	196	197	198	197	196	199	196	194	198	197	197	195	197	197	195	197	196	196	
1350	198	198	196	198	198	200	196	198	198	198	196	196	197	198	198	198	197	199	196	194	198	198	197	196	198	197	195	198	197	197	
1400	198	198	197	198	199	200	196	198	199	198	197	197	197	199	199	199	197	199	197	195	199	198	198	196	198	198	196	198	197	197	
1450	199	199	198	198	199	200	197	199	199	198	197	197	197	199	199	199	197	200	197	195	199	199	198	197	199	198	196	199	198	198	
1500	199	199	198	198	199	200	197	199	200	199	197	198	198	200	199	199	198	200	198	196	199	199	199	198	199	199	197	199	198	198	
1550	199	199	199	198	200	200	198	199	200	199	198	199	198	200	199	199	198	200	198	196	200	199	199	198	200	199	198	200	199	199	
1600	200	200	199	198	200	200	198	200	200	199	198	199	198	200	199	199	198	200	199	197	200	200	200	199	200	199	198	200	199	199	
1650	200	200	200	198	200	191	199	200	200	199	199	199	198	200	200	200	199	200	199	197	200	200	200	199	200	199	198	200	199	199	
1700	200	200	200	199	200	198	199	200	200	200	199	199	198	200	200	200	199	200	199	197	200	200	200	200	200	200	199	200	200	199	
1750	200	200	200	199	200	200	199	200	200	200	199	200	199	200	200	200	199	200	200	198	200	200	200	200	200	200	199	200	200	200	
1800	200	200	200	199	200	200	200	200	200	200	199	200	199	200	200	200	199	191	200	198	200	200	200	200	200	200	200	200	200	200	
1850	200	200	192	200	200	200	200	191	200	200	199	200	199	200	200	200	200	198	200	198	200	200	200	200	200	200	200	200	200	200	
1900	200	200	199	200	192	200	200	198	194	200	200	200	199	200	200	200	200	200	200	198	192	192	193	200	193	200	200	192	200	200	
1950	200	200	200	200	198	200	200	200	200	192	200	200	200	191	200	191	200	200	200	191	197	199	200	200	199	200	200	198	192	200	
2050	192	200	200	193	200	200	200	200	200	199	200	200	200	199	192	198	200	200	200	196	200	200	200	200	200	200	200	200	199	200	
2100	199	192	200	199	200	200	200	200	200	200	200	200	200	200	199	200	200	200	200	198	200	200	200	200	200	200	200	200	200	192	
2150	200	199	200	200	200	200	191	200	200	200	200	192	191	200	200	200	200	200	193	198	200	200	200	192	200	192	200	200	200	199	
2200	200	200	200	200	200	200	198	200	200	200	191	199	197	200	200	200	200	200	199	198	200	200	200	199	200	199	200	200	200	200	
2250	200	200	200	200	200	200	200	200	200	200	198	200	200	200	200	200	200	200	200	198	200	200	200	200	200	200	192	200	200	200	
2300	200	200	200	200	200	200	200	200	200	200	200	200	200	200	200	200	192	200	200	198	200	200	200	200	200	200	199	200	200	200	
2350	200	200	200	200	200	200	200	200	200	200	200	200	200	200	200	200	199	200	200	198	200	200	200	200	200	200	200	200	200	200	
2400	200	200	200	200	200	200	200	200	200	200	200	200	200	200	200	200	200	200	200	198	200	200	200	200	200	200	200	200	200	200	
2450	200	200	200	200	200	192	200	200	200	200	200	200	200	200	200	200	200	200	200	198	200	200	200	200	200	200	200	200	200	200	
2500	200	200	200	200	200	198	200	200	200	200	200	200	200	200	200	200	200	200	200	198	200	200	200	200	200	200	200	200	200	200	
2550	200	200	200	200	200	200	200	200	200	200	200	200	200	200	200	200	200	200	200	198	200	200	200	200	200	200	200	200	200	200	
2600	200	200	200	200	200	200	200	200	200	200	200	200	200	200	200	200	200	190	200	198	200	200	200	200	200	200	200	200	200	200	
2650	200	200	193	200	200	200	200	191	200	200	200	200	200	200	200	200	200	197	200	198	200	200	200	200	200	200	200	200	200	200	
2700	200	200	199	200	193	200	200	197	192	200	200	200	200	200	200	200	200	200	200	198	192	193	193	200	192	200	200	191	200	200	
2750	200	200	200	200	199	200	200	200	199	193	200	200	200	192	200	192	200	200	200	198	198	199	198	200	198	200	200	198	192	200	
2850	193	200	200	191	200	200	200	200	200	199	200	200	200	198	193	199	200	200	200	199	200	200	200	200	200	200	200	200	198	200	
2900	199	191	200	198	200	200	200	200	200	200	200	200	200	200	199	200	200	200	200	199	200	200	200	200	200	200	200	200	200	192	
2950	200	198	200	200	200	200	193	200	200	200	200	193	192	200	200	200	200	200	193	192	200	200	200	192	200	193	200	200	200	199	
3000	200	200	200	200	200	200	198	200	200	200	191	200	198	200	200	200	200	200	200	197	200	200	200	198	200	199	200	200	200	200	
3050	200	200	200	200	200	200	200	200	200	200	198	200	200	200	200	200	200	200	200	199	200	200	200	200	200	200	193	200	200	200	
3100	200	200	200	200	200	200	200	200	200	200	200	200	200	200	200	200	192	200	200	199	200	200	200	200	200	200	199	200	200	200	
3150	200	200	200	200	200	200	200	200	200	200	200	200	200	200	200	200	199	200	200	199	200	200	200	200	200	200	200	200	200	200	
3200	200	200	200	200	200	200	200	200	200	200	200	200	200	200	200	200	200	200	200	199	200	200	200	200	200	200	200	200	200	200	
3250	200	200	200	200	200	191	200	200	200	200	200	200	200	200	200	200	200	200	200	199	200	200	200	200	200	200	200	200	200	200	
3300	200	200	200	200	200	198	200	200	200	200	200	200	200	200	200	200	200	200	200	199	200	200	200	200	200	200	200	200	200	200	
3350	200	200	200	200	200	200	200	200	200	200	200	200	200	200	200	200	200	200	200	199	200	200	200	200	200	200	200	200	200	200	
3400	200	200	200	200	200	200	200	200	200	200	200	200	200	200	200	200	200	192	200	199	200	200	200	200	200	200	200	200	200	200	
3450	200	200	193	200	200	200	200	193	200	200	200	200	200	200	200	200	200	198	200	199	200	200	200	200	200	200	200	200	200	200	
3500	200	200	199	200	194	200	200	199	193	200	200	200	200	200	200	200	200	200	200	199	191	192	192	200	192	200	200	193	200	200	
3550	200	200	200	200	200	200	200	200	199	192	200	200	200	192	200	193	200	200	200	199	198	198	198	200	198	200	200	199	193	200	
3650	192	200	200	191	200	200	200	200	200	198	200	200	200	199	192	199	200	200	200	199	200	200	200	200	200	200	200	200	199	200	
3700	199	193	200	197	200	200	200	200	200	200	200	200	200	200	199	200	200	200	200	199	200	200	200	200	200	200	200	200	200	193	
3750	200	199	200	200	200	200	194	200	200	200	200	194	192	200	200	200	200	200	193	200	200	200	200	191	200	192	200	200	200	199	
3800	200	200	200	200	200	200	199	200	200	200	191	199	198	200	200	200	200	200	198	200	200	200	200	198	200	198	200	200	200	200	
3850	200	200	200	200	200	200	200	200	200	200	198	200	200	200	200	200	200	200	200	200	200	200	200	200	200	200	193	200	200	200	
3900	200	200	200	200	200	200	200	200	200	200	200	200	200	200	200	200	191	200	200	192	200	200	200	200	200	200	199	200	200	200	
3950	200	200	200	200	200	200	200	200	200	200	200	200	200	200	200	200	197	200	200	199	200	200	200	200	200	200	200	200	200	200	
4000	200	200	200	200	200	200	200	200	200	200	200	200	200	200	200	200	200	200	200	200	200	200	200	200	200	200	200	200	200	200	
4050	200	200	200	200	200	191	200	200	200	200	200	200	200	200	200	200	200	200	200	200	200	200	200	200	200	200	200	200	200	200	
4100	200	200	200	200	200	197	200	200	200	200	200	200	200	200	200	200	200	200	200	200	200	200	200	200	200	200	200	200	200	200	
4150	200	200	200	200	200	200	200	200	200	200	200	200	200	200	200	200	200	200	200	200	200	200	200	200	200	200	200	200	200	200	
4200	200	200	200	200	200	200	200	200	200	200	200	200	200	200	200	200	200	192	200	200	200	200	200	200	200	200	200	200	200	200	
4250	200	200	191	200	200	200	200	191	200	200	200	200	200	200	200	200	200	198	200	200	200	200	200	200	200	200	200	200	200	200	
4300	200	200	198	200	190	200	200	198	192	200	200	200	200	200	200	200	200	200	200	200	191	192	192	200	192	200	200	191	200	200	
4350	200	200	200	200	197	200	200	200	199	192	200	200	200	192	200	193	200	200	200	200	198	199	199	200	198	200	200	198	191	200	
4450	192	200	200	194	200	200	200	200	200	198	200	200	200	198	192	199	200	200	200	200	200	200	200	200	200	200	200	200	198	200	
4500	198	193	200	199	200	200	200	200	200	200	200	200	200	200	199	200	200	200	200	200	200	200	200	200	200	200	200	200	200	192	
4550	200	199	200	200	200	200	192	200	200	200	200	192	193	200	200	200	200	200	191	200	200	200	200	192	200	193	200	200	200	198	
4600	200	200	200	200	200	200	198	200	200	200	192	198	199	200	200	200	200	200	199	200	200	200	200	198	200	198	200	200	200	200	
4650	200	200	200	200	200	200	200	200	200	200	198	200	200	200	200	200	200	200	200	200	200	200	200	200	200	200	193	200	200	200	
4700	200	200	200	200	200	200	200	200	200	200	200	200	200	200	200	200	192	200	200	192	200	200	200	200	200	200	198	200	200	200	
4750	200	200	200	200	200	200	200	200	200	200	200	200	200	200	200	200	198	200	200	199	200	200	200	200	200	200	200	200	200	200	
4800	200	200	200	200	200	200	200	200	200	200	200	200	200	200	200	200	200	200	200	200	200	200	200	200	200	200	200	200	200	200	
4850	200	200	200	200	200	193	200	200	200	200	200	200	200	200	200	200	200	200	200	200	200	200	200	200	200	200	200	200	200	200	
4900	200	200	200	200	200	199	200	200	200	200	200	200	200	200	200	200	200	200	200	200	200	200	200	200	200	200	200	200	200	200	
4950	200	200	200	200	200	200	200	200	200	200	200	200	200	200	200	200	200	200	200	200	200	200	200	200	200	200	200	200	200	200	
5000	200	200	200	200	200	200	200	200	200	200	200	200	200	200	200	200	200	192	200	200	200	200	200	200	200	200	200	200	200	200	
5050	200	200	190	200	200	200	200	192	200	200	200	200	200	200	200	200	200	198	200	200	200	200	200	200	200	200	200	200	200	200	
5100	200	200	197	200	193	200	200	199	191	200	200	200	200	200	200	200	200	200	200	200	191	192	192	200	192	200	200	191	200	200	
5150	200	200	200	200	198	200	200	200	198	191	200	200	200	193	200	191	200	200	200	200	198	199	199	200	198	200	200	198	192	200	
5250	192	200	200	194	200	200	200	200	200	197	200	200	200	198	191	198	200	200	200	200	200	200	200	200	200	200	200	200	198	200	
5300	199	192	200	199	200	200	200	200	200	200	200	200	200	200	197	199	200	200	200	200	200	200	200	200	200	200	200	200	200	192	
5350	200	198	200	200	200	200	193	200	200	200	200	191	194	200	199	200	200	200	191	200	200	200	200	192	200	193	200	200	200	199	
5400	200	200	200	200	200	200	199	200	200	200	192	197	199	200	200	200	200	200	197	200	200	200	200	199	200	199	200	200	200	200	
5450	200	200	200	200	200	200	200	200	200	200	198	200	200	200	200	200	200	200	200	200	200	200	200	200	200	200	191	200	200	200	
5500	200	200	200	200	200	200	200	200	200	200	200	200	200	200	200	200	192	200	200	193	200	200	200	200	200	200	197	200	200	200	
5550	200	200	200	200	200	200	200	200	200	200	200	200	200	200	200	200	197	200	200	199	200	200	200	200	200	200	200	200	200	200	
5600	200	200	200	200	200	200	200	200	200	200	200	200	200	200	200	200	200	200	200	200	200	200	200	200	200	200	200	200	200	200	
5650	200	200	200	200	200	193	200	200	200	200	200	200	200	200	200	200	200	200	200	200	200	200	200	200	200	200	200	200	200	200	
5700	200	200	200	200	200	199	200	200	200	200	200	200	200	200	200	200	200	200	200	200	200	200	200	200	200	200	200	200	200	200	
5750	200	200	200	200	200	200	200	200	200	200	200	200	200	200	200	200	200	200	200	200	200	200	200	200	200	200	200	200	200	200	
5800	200	200	200	200	200	200	200	200	200	200	200	200	200	200	200	200	200	191	200	200	200	200	200	200	200	200	200	200	200	200	
5850	200	200	192	200	200	200	200	191	200	200	200	200	200	200	200	200	200	198	200	200	200	200	200	200	200	200	200	200	200	200	
5900	200	200	198	200	192	200	200	197	192	200	200	200	200	200	200	200	200	200	200	200	192	192	191	200	192	200	200	193	200	200	
5950	200	200	200	200	198	200	200	200	198	193	200	200	200	193	200	193	200	200	200	200	199	199	198	200	199	200	200	198	192	200	
6050	192	200	200	193	200	200	200	200	200	199	200	200	200	199	192	199	200	200	200	200	200	200	200	200	200	200	200	200	197	200	
6100	199	192	200	199	200	200	200	200	200	200	200	200	200	200	199	200	200	200	200	200	200	200	200	200	200	200	200	200	200	191	
6150	200	198	200	200	200	200	190	200	200	200	200	193	190	200	200	200	200	200	191	200	200	200	200	193	200	192	200	200	200	198	
6200	200	200	200	200	200	200	198	200	200	200	193	200	197	200	200	200	200	200	198	200	200	200	200	199	200	199	200	200	200	200	
6250	200	200	200	200	200	200	200	200	200	200	199	200	199	200	200	200	200	200	200	200	200	200	200	200	200	200	193	200	200	200	
6300	200	200	200	200	200	200	200	200	200	200	200	200	200	200	200	200	193	200	200	191	200	200	200	200	200	200	199	200	200	200	
6350	200	200	200	200	200	200	200	200	200	200	200	200	200	200	200	200	198	200	200	198	200	200	200	200	200	200	200	200	200	200	
6400	200	200	200	200	200	200	200	200	200	200	200	200	200	200	200	200	200	200	200	200	200	200	200	200	200	200	200	200	200	200	
6450	200	200	200	200	200	193	200	200	200	200	200	200	200	200	200	200	200	200	200	200	200	200	200	200	200	200	200	200	200	200	
6500	200	200	200	200	200	199	200	200	200	200	200	200	200	200	200	200	200	200	200	200	200	200	200	200	200	200	200	200	200	200	
6550	200	200	200	200	200	200	200	200	200	200	200	200	200	200	200	200	200	200	200	200	200	200	200	200	200	200	200	200	200	200	
6600	200	200	200	200	200	200	200	200	200	200	200	200	200	200	200	200	200	192	200	200	200	200	200	200	200	200	200	200	200	200	
6650	200	200	192	200	200	200	200	191	200	200	200	200	200	200	200	200	200	199	200	200	200	200	200	200	200	200	200	200	200	200	
6700	200	200	198	200	193	200	200	198	193	200	200	200	200	200	200	200	200	200	200	200	192	191	191	200	192	200	200	190	200	200	
6750	200	200	200	200	199	200	200	200	199	191	200	200	200	192	200	192	200	200	200	200	198	198	198	200	199	200	200	197	193	200	
6850	192	200	200	194	200	200	200	200	200	198	200	200	200	199	191	199	200	200	200	200	200	200	200	200	200	200	200	200	199	200	
6900	198	192	200	200	200	200	200	200	200	200	200	200	200	200	198	200	200	200	200	200	200	200	200	200	200	200	200	200	200	191	
6950	200	199	200	200	200	200	193	200	200	200	200	192	193	200	200	200	200	200	192	200	200	200	200	192	200	192	200	200	200	198	
7000	200	200	200	200	200	200	198	200	200	200	192	198	199	200	200	200	200	200	198	200	200	200	200	199	200	198	200	200	200	200	
7050	200	200	200	200	200	200	200	200	200	200	199	200	200	200	200	200	200	200	200	200	200	200	200	200	200	200	193	200	200	200	
7100	200	200	200	200	200	200	200	200	200	200	200	200	200	200	200	200	192	200	200	193	200	200	200	200	200	200	199	200	200	200	
7150	200	200	200	200	200	200	200	200	200	200	200	200	200	200	200	200	199	200	200	199	200	200	200	200	200	200	200	200	200	200	
7200	200	200	200	200	200	200	200	200	200	200	200	200	200	200	200	200	200	200	200	200	200	200	200	200	200	200	200	200	200	200	
7250	200	200	200	200	200	191	200	200	200	200	200	200	200	200	200	200	200	200	200	200	200	200	200	200	200	200	200	200	200	200	
7300	200	200	200	200	200	197	200	200	200	200	200	200	200	200	200	200	200	200	200	200	200	200	200	200	200	200	200	200	200	200	
7350	200	200	200	200	200	200	200	200	200	200	200	200	200	200	200	200	200	200	200	200	200	200	200	200	200	200	200	200	200	200	
7400	200	200	200	200	200	200	200	200	200	200	200	200	200	200	200	200	200	192	200	200	200	200	200	200	200	200	200	200	200	200	
7450	200	200	192	200	200	200	200	191	200	200	200	200	200	200	200	200	200	199	200	200	200	200	200	200	200	200	200	200	200	200	
7500	200	200	199	200	192	200	200	198	193	200	200	200	200	200	200	200	200	200	200	200	190	192	193	200	192	200	200	192	200	200	
7550	200	200	200	200	197	200	200	200	198	191	200	200	200	193	200	192	200	200	200	200	198	199	199	200	198	200	200	198	193	200	
7650	192	200	200	193	200	200	200	200	200	198	200	200	200	199	193	198	200	200	200	200	200	200	200	200	200	200	200	200	199	200	
7700	198	192	200	198	200	200	200	200	200	200	200	200	200	200	199	200	200	200	200	200	200	200	200	200	200	200	200	200	200	192	
7750	200	199	200	200	200	200	192	200	200	200	200	191	192	200	200	200	200	200	193	200	200	200	200	192	200	192	200	200	200	199	
7800	200	200	200	200	200	200	198	200	200	200	191	196	198	200	200	200	200	200	200	200	200	200	200	199	200	198	200	200	200	200	
7850	200	200	200	200	200	200	200	200	200	200	197	199	200	200	200	200	200	200	200	200	200	200	200	200	200	200	192	200	200	200	
7900	200	200	200	200	200	200	200	200	200	200	200	200	200	200	200	200	192	200	200	192	200	200	200	200	200	200	199	200	200	200	
7950	200	200	200	200	200	200	200	200	200	200	200	200	200	200	200	200	199	200	200	198	200	200	200	200	200	200	200	200	200	200	
8000	200	200	200	200	200	200	200	200	200	200	200	200	200	200	200	200	200	200	200	200	200	200	200	200	200	200	200	200	200	200	
8050	200	200	200	200	200	192	200	200	200	200	200	200	200	200	200	200	200	200	200	200	200	200	200	200	200	200	200	200	200	200	
8100	200	200	200	200	200	199	200	200	200	200	200	200	200	200	200	200	200	200	200	200	200	200	200	200	200	200	200	200	200	200	
8150	200	200	200	200	200	200	200	200	200	200	200	200	200	200	200	200	200	200	200	200	200	200	200	200	200	200	200	200	200	200	
8200	200	200	200	200	200	200	200	200	200	200	200	200	200	200	200	200	200	191	200	200	200	200	200	200	200	200	200	200	200	200	
8250	200	200	192	200	200	200	200	192	200	200	200	200	200	200	200	200	200	197	200	200	200	200	200	200	200	200	200	200	200	200	
8300	200	200	199	200	191	200	200	199	193	200	200	200	200	200	200	200	200	200	200	200	192	192	191	200	192	200	200	191	200	200	
8350	200	200	200	200	198	200	200	200	199	194	200	200	200	193	200	191	200	200	200	200	198	198	198	200	199	200	200	198	191	200	
8450	192	200	200	193	200	200	200	200	200	199	200	200	200	199	192	198	200	200	200	200	200	200	200	200	200	200	200	200	197	200	
8500	199	191	200	199	200	200	200	200	200	200	200	200	200	200	199	199	200	200	200	200	200	200	200	200	200	200	200	200	200	194	
8550	200	197	200	200	200	200	191	200	200	200	200	190	190	200	200	200	200	200	192	200	200	200	200	192	200	192	200	200	200	200	
8600	200	200	200	200	200	200	198	200	200	200	193	197	197	200	200	200	200	200	199	200	200	200	200	199	200	199	200	200	200	200	
8650	200	200	200	200	200	200	200	200	200	200	199	200	200	200	200	200	200	200	200	200	200	200	200	200	200	200	192	200	200	200	
8700	200	200	200	200	200	200	200	200	200	200	200	200	200	200	200	200	192	200	200	193	200	200	200	200	200	200	199	200	200	200	
8750	200	200	200	200	200	200	200	200	200	200	200	200	200	200	200	200	199	200	200	199	200	200	200	200	200	200	200	200	200	200	
8800	200	200	200	200	200	200	200	200	200	200	200	200	200	200	200	200	200	200	200	200	200	200	200	200	200	200	200	200	200	200	
8850	200	200	200	200	200	193	200	200	200	200	200	200	200	200	200	200	200	200	200	200	200	200	200	200	200	200	200	200	200	200	
8900	200	200	200	200	200	199	200	200	200	200	200	200	200	200	200	200	200	200	200	200	200	200	200	200	200	200	200	200	200	200	
8950	200	200	200	200	200	200	200	200	200	200	200	200	200	200	200	200	200	200	200	200	200	200	200	200	200	200	200	200	200	200	
9000	200	200	200	200	200	200	200	200	200	200	200	200	200	200	200	200	200	192	200	200	200	200	200	200	200	200	200	200	200	200	
9050	200	200	192	200	200	200	200	191	200	200	200	200	200	200	200	200	200	199	200	200	200	200	200	200	200	200	200	200	200	200	
9100	200	200	198	200	193	200	200	198	192	200	200	200	200	200	200	200	200	200	200	200	192	192	192	200	191	200	200	193	200	200	
9150	200	200	200	200	199	200	200	200	198	191	200	200	200	191	200	193	200	200	200	200	198	197	198	200	198	200	200	199	191	200	
9250	192	200	200	192	200	200	200	200	200	198	200	200	200	199	193	199	200	200	200	200	200	200	200	200	200	200	200	200	198	200	
9300	198	193	200	199	200	200	200	200	200	200	200	200	200	200	199	200	200	200	200	200	200	200	200	200	200	200	200	200	200	191	
9350	200	199	200	200	200	200	193	200	200	200	200	191	192	200	200	200	200	200	191	200	200	200	200	192	200	191	200	200	200	197	
9400	200	200	200	200	200	200	198	200	200	200	193	198	198	200	200	200	200	200	198	200	200	200	200	198	200	198	200	200	200	200	
9450	200	200	200	200	200	200	200	200	200	200	199	200	200	200	200	200	200	200	200	200	200	200	200	200	200	200	193	200	200	200	
9500	200	200	200	200	200	200	200	200	200	200	200	200	200	200	200	200	191	200	200	190	200	200	200	200	200	200	199	200	200	200	
9550	200	200	200	200	200	200	200	200	200	200	200	200	200	200	200	200	198	200	200	198	200	200	200	200	200	200	200	200	200	200	
9600	200	200	200	200	200	200	200	200	200	200	200	200	200	200	200	200	200	200	200	200	200	200	200	200	200	200	200	200	200	200	
9650	200	200	200	200	200	191	200	200	200	200	200	200	200	200	200	200	200	200	200	200	200	200	200	200	200	200	200	200	200	200	
9700	200	200	200	200	200	199	200	200	200	200	200	200	200	200	200	200	200	200	200	200	200	200	200	200	200	200	200	200	200	200	
9750	200	200	200	200	200	200	200	200	200	200	200	200	200	200	200	200	200	200	200	200	200	200	200	200	200	200	200	200	200	200	
9800	200	200	200	200	200	200	200	200	200	200	200	200	200	200	200	200	200	193	200	200	200	200	200	200	200	200	200	200	200	200	
9850	200	200	192	200	200	200	200	193	200	200	200	200	200	200	200	200	200	198	200	200	200	200	200	200	200	200	200	200	200	200	
9900	200	200	198	200	192	200	200	199	194	200	200	200	200	200	200	200	200	200	200	200	193	193	192	200	191	200	200	191	200	200	
9950	200	200	200	200	198	200	200	200	199	192	200	200	200	191	200	193	200	200	200	200	199	199	198	200	198	200	200	197	193	200	
		200					200				200	200	200				200		200	200				200		200	200			200	


Evals | 1 2 3 ... BEST
150	181	182	180	183	180	186	181	179	182	179	182	179	183	180	181	187	182	181	179	183	185	181	181	180	184	187	180	183	179	179	
200	183	183	180	183	181	186	181	179	182	185	182	179	183	183	181	187	183	190	179	183	185	181	181	181	184	187	182	185	184	180	
250	183	185	182	184	187	186	181	183	184	185	184	180	183	183	183	187	184	190	181	183	185	183	181	183	184	187	183	185	184	184	
300	183	185	185	188	187	186	183	183	185	185	185	180	185	183	183	187	186	190	182	188	187	183	181	183	184	187	183	185	184	184	
350	185	188	185	188	187	186	188	183	188	186	188	183	185	185	186	187	188	190	182	188	188	183	183	183	184	189	184	185	184	187	
400	187	190	185	191	187	187	188	185	188	186	190	184	186	186	186	187	188	190	183	189	188	183	187	187	185	189	188	187	186	187	
450	188	190	185	191	188	188	191	191	188	188	190	190	187	186	191	188	188	190	185	189	188	188	189	187	188	190	189	188	186	187	
500	190	193	188	192	190	193	191	191	191	188	190	190	187	189	191	188	188	192	187	190	192	188	189	187	188	193	189	189	187	187	
550	192	193	188	192	191	193	191	191	191	189	190	190	187	192	191	188	191	192	187	190	192	189	189	189	191	193	189	190	189	188	
600	192	193	193	195	192	194	191	191	194	190	190	193	191	192	191	192	191	196	189	190	193	190	191	189	191	194	190	190	192	188	
650	192	194	193	195	192	194	191	191	194	191	193	193	192	192	191	192	191	196	191	192	193	192	193	191	192	194	192	192	192	191	
700	196	194	193	197	193	195	192	191	194	194	193	193	193	195	196	193	193	196	191	192	193	194	193	191	192	195	194	193	192	191	
750	196	198	193	197	196	195	192	193	194	196	194	193	195	196	196	196	193	196	191	192	196	194	194	195	192	198	194	197	192	194	
800	196	198	193	197	196	198	195	193	194	196	195	195	195	196	196	196	194	196	195	192	196	196	194	195	195	198	194	197	193	194	
850	196	198	197	198	196	200	195	196	196	197	196	195	195	196	198	196	197	197	195	193	196	196	196	195	198	198	194	197	194	195	
900	196	198	197	198	198	200	195	196	196	198	196	195	196	196	198	198	197	198	196	195	198	197	196	195	198	198	194	197	198	195	
950	196	198	197	198	198	200	196	199	197	198	196	195	197	197	198	198	197	198	196	195	198	197	198	195	198	198	196	197	198	197	
1000	198	198	198	198	198	200	196	199	198	198	197	197	197	198	199	198	197	200	196	195	198	197	199	195	199	198	196	198	198	197	
1050	198	199	200	198	198	200	196	200	198	199	197	197	197	198	199	198	198	200	198	195	198	198	199	197	199	198	196	198	198	197	
1100	199	199	200	198	200	200	196	200	200	199	198	197	198	198	199	199	198	200	198	195	200	200	200	197	200	199	196	200	198	199	
1150	199	199	200	198	200	200	198	200	200	200	198	198	198	200	199	200	199	200	198	198	200	200	200	199	200	199	198	200	200	199	
1200	200	199	200	200	200	200	198	200	200	200	198	199	198	200	200	200	199	200	199	198	200	200	200	199	200	199	198	200	200	199	
1250	200	200	200	200	200	200	199	200	200	200	198	199	199	200	200	200	199	200	199	198	200	200	200	199	200	199	198	200	200	200	
1300	200	200	200	200	200	200	200	200	200	200	198	200	200	200	200	200	199	200	200	198	200	200	200	200	200	200	198	200	200	200	
1350	200	200	200	200	200	200	200	200	200	200	200	200	200	200	200	200	199	200	200	198	200	200	200	200	200	200	198	200	200	200	
1400	200	200	200	200	200	200	200	200	200	200	200	200	200	200	200	200	199	200	200	198	200	200	200	200	200	200	200	200	200	200	
1450	200	200	200	200	200	200	200	200	200	200	200	200	200	200	200	200	200	200	200	198	200	200	200	200	200	200	200	200	200	200	
1500	200	200	200	200	200	200	200	200	200	200	200	200	200	200	200	200	200	200	200	198	200	200	200	200	200	200	200	200	200	200	
1550	200	200	200	200	200	200	200	200	200	200	200	200	200	200	200	200	200	200	200	198	200	200	200	200	200	200	200	200	200	200	
1600	200	200	200	200	200	200	200	200	200	200	200	200	200	200	200	200	200	200	200	198	200	200	200	200	200	200	200	200	200	200	
1650	200	200	200	200	200	200	200	200	200	200	200	200	200	200	200	200	200	200	200	198	200	200	200	200	200	200	200	200	200	200	
1700	200	200	200	200	200	200	200	200	200	200	200	200	200	200	200	200	200	200	200	198	200	200	200	200	200	200	200	200	200	200	
1750	200	200	200	200	200	200	200	200	200	200	200	200	200	200	200	200	200	200	200	198	200	200	200	200	200	200	200	200	200	200	
1800	200	200	200	200	200	200	200	200	200	200	200	200	200	200	200	200	200	200	200	198	200	200	200	200	200	200	200	200	200	200	
1850	200	200	200	200	200	200	200	200	200	200	200	200	200	200	200	200	200	200	200	198	200	200	200	200	200	200	200	200	200	200	
1900	200	200	200	200	200	200	200	200	200	200	200	200	200	200	200	200	200	200	200	198	200	200	200	200	200	200	200	200	200	200	
1950	200	200	200	200	200	200	200	200	200	200	200	200	200	200	200	200	200	200	200	198	200	200	200	200	200	200	200	200	200	200	
2050	200	200	200	200	200	200	200	200	200	200	200	200	200	200	200	200	200	200	200	198	200	200	200	200	200	200	200	200	200	200	
2100	200	200	200	200	200	200	200	200	200	200	200	200	200	200	200	200	200	200	200	199	200	200	200	200	200	200	200	200	200	200	
2150	200	200	200	200	200	200	200	200	200	200	200	200	200	200	200	200	200	200	200	199	200	200	200	200	200	200	200	200	200	200	
2200	200	200	200	200	200	200	200	200	200	200	200	200	200	200	200	200	200	200	200	199	200	200	200	200	200	200	200	200	200	200	
2250	200	200	200	200	200	200	200	200	200	200	200	200	200	200	200	200	200	200	200	199	200	200	200	200	200	200	200	200	200	200	
2300	200	200	200	200	200	200	200	200	200	200	200	200	200	200	200	200	200	200	200	199	200	200	200	200	200	200	200	200	200	200	
2350	200	200	200	200	200	200	200	200	200	200	200	200	200	200	200	200	200	200	200	199	200	200	200	200	200	200	200	200	200	200	
2400	200	200	200	200	200	200	200	200	200	200	200	200	200	200	200	200	200	200	200	199	200	200	200	200	200	200	200	200	200	200	
2450	200	200	200	200	200	200	200	200	200	200	200	200	200	200	200	200	200	200	200	199	200	200	200	200	200	200	200	200	200	200	
2500	200	200	200	200	200	200	200	200	200	200	200	200	200	200	200	200	200	200	200	199	200	200	200	200	200	200	200	200	200	200	
2550	200	200	200	200	200	200	200	200	200	200	200	200	200	200	200	200	200	200	200	199	200	200	200	200	200	200	200	200	200	200	
2600	200	200	200	200	200	200	200	200	200	200	200	200	200	200	200	200	200	200	200	199	200	200	200	200	200	200	200	200	200	200	
2650	200	200	200	200	200	200	200	200	200	200	200	200	200	200	200	200	200	200	200	199	200	200	200	200	200	200	200	200	200	200	
2700	200	200	200	200	200	200	200	200	200	200	200	200	200	200	200	200	200	200	200	199	200	200	200	200	200	200	200	200	200	200	
2750	200	200	200	200	200	200	200	200	200	200	200	200	200	200	200	200	200	200	200	199	200	200	200	200	200	200	200	200	200	200	
2850	200	200	200	200	200	200	200	200	200	200	200	200	200	200	200	200	200	200	200	199	200	200	200	200	200	200	200	200	200	200	
2900	200	200	200	200	200	200	200	200	200	200	200	200	200	200	200	200	200	200	200	199	200	200	200	200	200	200	200	200	200	200	
2950	200	200	200	200	200	200	200	200	200	200	200	200	200	200	200	200	200	200	200	199	200	200	200	200	200	200	200	200	200	200	
3000	200	200	200	200	200	200	200	200	200	200	200	200	200	200	200	200	200	200	200	199	200	200	200	200	200	200	200	200	200	200	
3050	200	200	200	200	200	200	200	200	200	200	200	200	200	200	200	200	200	200	200	200	200	200	200	200	200	200	200	200	200	200	
3100	200	200	200	200	200	200	200	200	200	200	200	200	200	200	200	200	200	200	200	200	200	200	200	200	200	200	200	200	200	200	
3150	200	200	200	200	200	200	200	200	200	200	200	200	200	200	200	200	200	200	200	200	200	200	200	200	200	200	200	200	200	200	
3200	200	200	200	200	200	200	200	200	200	200	200	200	200	200	200	200	200	200	200	200	200	200	200	200	200	200	200	200	200	200	
3250	200	200	200	200	200	200	200	200	200	200	200	200	200	200	200	200	200	200	200	200	200	200	200	200	200	200	200	200	200	200	
3300	200	200	200	200	200	200	200	200	200	200	200	200	200	200	200	200	200	200	200	200	200	200	200	200	200	200	200	200	200	200	
3350	200	200	200	200	200	200	200	200	200	200	200	200	200	200	200	200	200	200	200	200	200	200	200	200	200	200	200	200	200	200	
3400	200	200	200	200	200	200	200	200	200	200	200	200	200	200	200	200	200	200	200	200	200	200	200	200	200	200	200	200	200	200	
3450	200	200	200	200	200	200	200	200	200	200	200	200	200	200	200	200	200	200	200	200	200	200	200	200	200	200	200	200	200	200	
3500	200	200	200	200	200	200	200	200	200	200	200	200	200	200	200	200	200	200	200	200	200	200	200	200	200	200	200	200	200	200	
3550	200	200	200	200	200	200	200	200	200	200	200	200	200	200	200	200	200	200	200	200	200	200	200	200	200	200	200	200	200	200	
3650	200	200	200	200	200	200	200	200	200	200	200	200	200	200	200	200	200	200	200	200	200	200	200	200	200	200	200	200	200	200	
3700	200	200	200	200	200	200	200	200	200	200	200	200	200	200	200	200	200	200	200	200	200	200	200	200	200	200	200	200	200	200	
3750	200	200	200	200	200	200	200	200	200	200	200	200	200	200	200	200	200	200	200	200	200	200	200	200	200	200	200	200	200	200	
3800	200	200	200	200	200	200	200	200	200	200	200	200	200	200	200	200	200	200	200	200	200	200	200	200	200	200	200	200	200	200	
3850	200	200	200	200	200	200	200	200	200	200	200	200	200	200	200	200	200	200	200	200	200	200	200	200	200	200	200	200	200	200	
3900	200	200	200	200	200	200	200	200	200	200	200	200	200	200	200	200	200	200	200	200	200	200	200	200	200	200	200	200	200	200	
3950	200	200	200	200	200	200	200	200	200	200	200	200	200	200	200	200	200	200	200	200	200	200	200	200	200	200	200	200	200	200	
4000	200	200	200	200	200	200	200	200	200	200	200	200	200	200	200	200	200	200	200	200	200	200	200	200	200	200	200	200	200	200	
4050	200	200	200	200	200	200	200	200	200	200	200	200	200	200	200	200	200	200	200	200	200	200	200	200	200	200	200	200	200	200	
4100	200	200	200	200	200	200	200	200	200	200	200	200	200	200	200	200	200	200	200	200	200	200	200	200	200	200	200	200	200	200	
4150	200	200	200	200	200	200	200	200	200	200	200	200	200	200	200	200	200	200	200	200	200	200	200	200	200	200	200	200	200	200	
4200	200	200	200	200	200	200	200	200	200	200	200	200	200	200	200	200	200	200	200	200	200	200	200	200	200	200	200	200	200	200	
4250	200	200	200	200	200	200	200	200	200	200	200	200	200	200	200	200	200	200	200	200	200	200	200	200	200	200	200	200	200	200	
4300	200	200	200	200	200	200	200	200	200	200	200	200	200	200	200	200	200	200	200	200	200	200	200	200	200	200	200	200	200	200	
4350	200	200	200	200	200	200	200	200	200	200	200	200	200	200	200	200	200	200	200	200	200	200	200	200	200	200	200	200	200	200	
4450	200	200	200	200	200	200	200	200	200	200	200	200	200	200	200	200	200	200	200	200	200	200	200	200	200	200	200	200	200	200	
4500	200	200	200	200	200	200	200	200	200	200	200	200	200	200	200	200	200	200	200	200	200	200	200	200	200	200	200	200	200	200	
4550	200	200	200	200	200	200	200	200	200	200	200	200	200	200	200	200	200	200	200	200	200	200	200	200	200	200	200	200	200	200	
4600	200	200	200	200	200	200	200	200	200	200	200	200	200	200	200	200	200	200	200	200	200	200	200	200	200	200	200	200	200	200	
4650	200	200	200	200	200	200	200	200	200	200	200	200	200	200	200	200	200	200	200	200	200	200	200	200	200	200	200	200	200	200	
4700	200	200	200	200	200	200	200	200	200	200	200	200	200	200	200	200	200	200	200	200	200	200	200	200	200	200	200	200	200	200	
4750	200	200	200	200	200	200	200	200	200	200	200	200	200	200	200	200	200	200	200	200	200	200	200	200	200	200	200	200	200	200	
4800	200	200	200	200	200	200	200	200	200	200	200	200	200	200	200	200	200	200	200	200	200	200	200	200	200	200	200	200	200	200	
4850	200	200	200	200	200	200	200	200	200	200	200	200	200	200	200	200	200	200	200	200	200	200	200	200	200	200	200	200	200	200	
4900	200	200	200	200	200	200	200	200	200	200	200	200	200	200	200	200	200	200	200	200	200	200	200	200	200	200	200	200	200	200	
4950	200	200	200	200	200	200	200	200	200	200	200	200	200	200	200	200	200	200	200	200	200	200	200	200	200	200	200	200	200	200	
5000	200	200	200	200	200	200	200	200	200	200	200	200	200	200	200	200	200	200	200	200	200	200	200	200	200	200	200	200	200	200	
5050	200	200	200	200	200	200	200	200	200	200	200	200	200	200	200	200	200	200	200	200	200	200	200	200	200	200	200	200	200	200	
5100	200	200	200	200	200	200	200	200	200	200	200	200	200	200	200	200	200	200	200	200	200	200	200	200	200	200	200	200	200	200	
5150	200	200	200	200	200	200	200	200	200	200	200	200	200	200	200	200	200	200	200	200	200	200	200	200	200	200	200	200	200	200	
5250	200	200	200	200	200	200	200	200	200	200	200	200	200	200	200	200	200	200	200	200	200	200	200	200	200	200	200	200	200	200	
5300	200	200	200	200	200	200	200	200	200	200	200	200	200	200	200	200	200	200	200	200	200	200	200	200	200	200	200	200	200	200	
5350	200	200	200	200	200	200	200	200	200	200	200	200	200	200	200	200	200	200	200	200	200	200	200	200	200	200	200	200	200	200	
5400	200	200	200	200	200	200	200	200	200	200	200	200	200	200	200	200	200	200	200	200	200	200	200	200	200	200	200	200	200	200	
5450	200	200	200	200	200	200	200	200	200	200	200	200	200	200	200	200	200	200	200	200	200	200	200	200	200	200	200	200	200	200	
5500	200	200	200	200	200	200	200	200	200	200	200	200	200	200	200	200	200	200	200	200	200	200	200	200	200	200	200	200	200	200	
5550	200	200	200	200	200	200	200	200	200	200	200	200	200	200	200	200	200	200	200	200	200	200	200	200	200	200	200	200	200	200	
5600	200	200	200	200	200	200	200	200	200	200	200	200	200	200	200	200	200	200	200	200	200	200	200	200	200	200	200	200	200	200	
5650	200	200	200	200	200	200	200	200	200	200	200	200	200	200	200	200	200	200	200	200	200	200	200	200	200	200	200	200	200	200	
5700	200	200	200	200	200	200	200	200	200	200	200	200	200	200	200	200	200	200	200	200	200	200	200	200	200	200	200	200	200	200	
5750	200	200	200	200	200	200	200	200	200	200	200	200	200	200	200	200	200	200	200	200	200	200	200	200	200	200	200	200	200	200	
5800	200	200	200	200	200	200	200	200	200	200	200	200	200	200	200	200	200	200	200	200	200	200	200	200	200	200	200	200	200	200	
5850	200	200	200	200	200	200	200	200	200	200	200	200	200	200	200	200	200	200	200	200	200	200	200	200	200	200	200	200	200	200	
5900	200	200	200	200	200	200	200	200	200	200	200	200	200	200	200	200	200	200	200	200	200	200	200	200	200	200	200	200	200	200	
5950	200	200	200	200	200	200	200	200	200	200	200	200	200	200	200	200	200	200	200	200	200	200	200	200	200	200	200	200	200	200	
6050	200	200	200	200	200	200	200	200	200	200	200	200	200	200	200	200	200	200	200	200	200	200	200	200	200	200	200	200	200	200	
6100	200	200	200	200	200	200	200	200	200	200	200	200	200	200	200	200	200	200	200	200	200	200	200	200	200	200	200	200	200	200	
6150	200	200	200	200	200	200	200	200	200	200	200	200	200	200	200	200	200	200	200	200	200	200	200	200	200	200	200	200	200	200	
6200	200	200	200	200	200	200	200	200	200	200	200	200	200	200	200	200	200	200	200	200	200	200	200	200	200	200	200	200	200	200	
6250	200	200	200	200	200	200	200	200	200	200	200	200	200	200	200	200	200	200	200	200	200	200	200	200	200	200	200	200	200	200	
6300	200	200	200	200	200	200	200	200	200	200	200	200	200	200	200	200	200	200	200	200	200	200	200	200	200	200	200	200	200	200	
6350	200	200	200	200	200	200	200	200	200	200	200	200	200	200	200	200	200	200	200	200	200	200	200	200	200	200	200	200	200	200	
6400	200	200	200	200	200	200	200	200	200	200	200	200	200	200	200	200	200	200	200	200	200	200	200	200	200	200	200	200	200	200	
6450	200	200	200	200	200	200	200	200	200	200	200	200	200	200	200	200	200	200	200	200	200	200	200	200	200	200	200	200	200	200	
6500	200	200	200	200	200	200	200	200	200	200	200	200	200	200	200	200	200	200	200	200	200	200	200	200	200	200	200	200	200	200	
6550	200	200	200	200	200	200	200	200	200	200	200	200	200	200	200	200	200	200	200	200	200	200	200	200	200	200	200	200	200	200	
6600	200	200	200	200	200	200	200	200	200	200	200	200	200	200	200	200	200	200	200	200	200	200	200	200	200	200	200	200	200	200	
6650	200	200	200	200	200	200	200	200	200	200	200	200	200	200	200	200	200	200	200	200	200	200	200	200	200	200	200	200	200	200	
6700	200	200	200	200	200	200	200	200	200	200	200	200	200	200	200	200	200	200	200	200	200	200	200	200	200	200	200	200	200	200	
6750	200	200	200	200	200	200	200	200	200	200	200	200	200	200	200	200	200	200	200	200	200	200	200	200	200	200	200	200	200	200	
6850	200	200	200	200	200	200	200	200	200	200	200	200	200	200	200	200	200	200	200	200	200	200	200	200	200	200	200	200	200	200	
6900	200	200	200	200	200	200	200	200	200	200	200	200	200	200	200	200	200	200	200	200	200	200	200	200	200	200	200	200	200	200	
6950	200	200	200	200	200	200	200	200	200	200	200	200	200	200	200	200	200	200	200	200	200	200	200	200	200	200	200	200	200	200	
7000	200	200	200	200	200	200	200	200	200	200	200	200	200	200	200	200	200	200	200	200	200	200	200	200	200	200	200	200	200	200	
7050	200	200	200	200	200	200	200	200	200	200	200	200	200	200	200	200	200	200	200	200	200	200	200	200	200	200	200	200	200	200	
7100	200	200	200	200	200	200	200	200	200	200	200	200	200	200	200	200	200	200	200	200	200	200	200	200	200	200	200	200	200	200	
7150	200	200	200	200	200	200	200	200	200	200	200	200	200	200	200	200	200	200	200	200	200	200	200	200	200	200	200	200	200	200	
7200	200	200	200	200	200	200	200	200	200	200	200	200	200	200	200	200	200	200	200	200	200	200	200	200	200	200	200	200	200	200	
7250	200	200	200	200	200	200	200	200	200	200	200	200	200	200	200	200	200	200	200	200	200	200	200	200	200	200	200	200	200	200	
7300	200	200	200	200	200	200	200	200	200	200	200	200	200	200	200	200	200	200	200	200	200	200	200	200	200	200	200	200	200	200	
7350	200	200	200	200	200	200	200	200	200	200	200	200	200	200	200	200	200	200	200	200	200	200	200	200	200	200	200	200	200	200	
7400	200	200	200	200	200	200	200	200	200	200	200	200	200	200	200	200	200	200	200	200	200	200	200	200	200	200	200	200	200	200	
7450	200	200	200	200	200	200	200	200	200	200	200	200	200	200	200	200	200	200	200	200	200	200	200	200	200	200	200	200	200	200	
7500	200	200	200	200	200	200	200	200	200	200	200	200	200	200	200	200	200	200	200	200	200	200	200	200	200	200	200	200	200	200	
7550	200	200	200	200	200	200	200	200	200	200	200	200	200	200	200	200	200	200	200	200	200	200	200	200	200	200	200	200	200	200	
7650	200	200	200	200	200	200	200	200	200	200	200	200	200	200	200	200	200	200	200	200	200	200	200	200	200	200	200	200	200	200	
7700	200	200	200	200	200	200	200	200	200	200	200	200	200	200	200	200	200	200	200	200	200	200	200	200	200	200	200	200	200	200	
7750	200	200	200	200	200	200	200	200	200	200	200	200	200	200	200	200	200	200	200	200	200	200	200	200	200	200	200	200	200	200	
7800	200	200	200	200	200	200	200	200	200	200	200	200	200	200	200	200	200	200	200	200	200	200	200	200	200	200	200	200	200	200	
7850	200	200	200	200	200	200	200	200	200	200	200	200	200	200	200	200	200	200	200	200	200	200	200	200	200	200	200	200	200	200	
7900	200	200	200	200	200	200	200	200	200	200	200	200	200	200	200	200	200	200	200	200	200	200	200	200	200	200	200	200	200	200	
7950	200	200	200	200	200	200	200	200	200	200	200	200	200	200	200	200	200	200	200	200	200	200	200	200	200	200	200	200	200	200	
8000	200	200	200	200	200	200	200	200	200	200	200	200	200	200	200	200	200	200	200	200	200	200	200	200	200	200	200	200	200	200	
8050	200	200	200	200	200	200	200	200	200	200	200	200	200	200	200	200	200	200	200	200	200	200	200	200	200	200	200	200	200	200	
8100	200	200	200	200	200	200	200	200	200	200	200	200	200	200	200	200	200	200	200	200	200	200	200	200	200	200	200	200	200	200	
8150	200	200	200	200	200	200	200	200	200	200	200	200	200	200	200	200	200	200	200	200	200	200	200	200	200	200	200	200	200	200	
8200	200	200	200	200	200	200	200	200	200	200	200	200	200	200	200	200	200	200	200	200	200	200	200	200	200	200	200	200	200	200	
8250	200	200	200	200	200	200	200	200	200	200	200	200	200	200	200	200	200	200	200	200	200	200	200	200	200	200	200	200	200	200	
8300	200	200	200	200	200	200	200	200	200	200	200	200	200	200	200	200	200	200	200	200	200	200	200	200	200	200	200	200	200	200	
8350	200	200	200	200	200	200	200	200	200	200	200	200	200	200	200	200	200	200	200	200	200	200	200	200	200	200	200	200	200	200	
8450	200	200	200	200	200	200	200	200	200	200	200	200	200	200	200	200	200	200	200	200	200	200	200	200	200	200	200	200	200	200	
8500	200	200	200	200	200	200	200	200	200	200	200	200	200	200	200	200	200	200	200	200	200	200	200	200	200	200	200	200	200	200	
8550	200	200	200	200	200	200	200	200	200	200	200	200	200	200	200	200	200	200	200	200	200	200	200	200	200	200	200	200	200	200	
8600	200	200	200	200	200	200	200	200	200	200	200	200	200	200	200	200	200	200	200	200	200	200	200	200	200	200	200	200	200	200	
8650	200	200	200	200	200	200	200	200	200	200	200	200	200	200	200	200	200	200	200	200	200	200	200	200	200	200	200	200	200	200	
8700	200	200	200	200	200	200	200	200	200	200	200	200	200	200	200	200	200	200	200	200	200	200	200	200	200	200	200	200	200	200	
8750	200	200	200	200	200	200	200	200	200	200	200	200	200	200	200	200	200	200	200	200	200	200	200	200	200	200	200	200	200	200	
8800	200	200	200	200	200	200	200	200	200	200	200	200	200	200	200	200	200	200	200	200	200	200	200	200	200	200	200	200	200	200	
8850	200	200	200	200	200	200	200	200	200	200	200	200	200	200	200	200	200	200	200	200	200	200	200	200	200	200	200	200	200	200	
8900	200	200	200	200	200	200	200	200	200	200	200	200	200	200	200	200	200	200	200	200	200	200	200	200	200	200	200	200	200	200	
8950	200	200	200	200	200	200	200	200	200	200	200	200	200	200	200	200	200	200	200	200	200	200	200	200	200	200	200	200	200	200	
9000	200	200	200	200	200	200	200	200	200	200	200	200	200	200	200	200	200	200	200	200	200	200	200	200	200	200	200	200	200	200	
9050	200	200	200	200	200	200	200	200	200	200	200	200	200	200	200	200	200	200	200	200	200	200	200	200	200	200	200	200	200	200	
9100	200	200	200	200	200	200	200	200	200	200	200	200	200	200	200	200	200	200	200	200	200	200	200	200	200	200	200	200	200	200	
9150	200	200	200	200	200	200	200	200	200	200	200	200	200	200	200	200	200	200	200	200	200	200	200	200	200	200	200	200	200	200	
9250	200	200	200	200	200	200	200	200	200	200	200	200	200	200	200	200	200	200	200	200	200	200	200	200	200	200	200	200	200	200	
9300	200	200	200	200	200	200	200	200	200	200	200	200	200	200	200	200	200	200	200	200	200	200	200	200	200	200	200	200	200	200	
9350	200	200	200	200	200	200	200	200	200	200	200	200	200	200	200	200	200	200	200	200	200	200	200	200	200	200	200	200	200	200	
9400	200	200	200	200	200	200	200	200	200	200	200	200	200	200	200	200	200	200	200	200	200	200	200	200	200	200	200	200	200	200	
9450	200	200	200	200	200	200	200	200	200	200	200	200	200	200	200	200	200	200	200	200	200	200	200	200	200	200	200	200	200	200	
9500	200	200	200	200	200	200	200	200	200	200	200	200	200	200	200	200	200	200	200	200	200	200	200	200	200	200	200	200	200	200	
9550	200	200	200	200	200	200	200	200	200	200	200	200	200	200	200	200	200	200	200	200	200	200	200	200	200	200	200	200	200	200	
9600	200	200	200	200	200	200	200	200	200	200	200	200	200	200	200	200	200	200	200	200	200	200	200	200	200	200	200	200	200	200	
9650	200	200	200	200	200	200	200	200	200	200	200	200	200	200	200	200	200	200	200	200	200	200	200	200	200	200	200	200	200	200	
9700	200	200	200	200	200	200	200	200	200	200	200	200	200	200	200	200	200	200	200	200	200	200	200	200	200	200	200	200	200	200	
9750	200	200	200	200	200	200	200	200	200	200	200	200	200	200	200	200	200	200	200	200	200	200	200	200	200	200	200	200	200	200	
9800	200	200	200	200	200	200	200	200	200	200	200	200	200	200	200	200	200	200	200	200	200	200	200	200	200	200	200	200	200	200	
9850	200	200	200	200	200	200	200	200	200	200	200	200	200	200	200	200	200	200	200	200	200	200	200	200	200	200	200	200	200	200	
9900	200	200	200	200	200	200	200	200	200	200	200	200	200	200	200	200	200	200	200	200	200	200	200	200	200	200	200	200	200	200	
9950	200	200	200	200	200	200	200	200	200	200	200	200	200	200	200	200	200	200	200	200	200	200	200	200	200	200	200	200	200	200	
		200					200				200	200	200				200		200	200				200		200	200			200	
