From log file: logs/1withboth.txt

Evals | 1 2 3 ... AVG
150	44	44	43	43	43	44	43	43	43	44	43	43	43	43	43	43	43	44	44	43	43	44	44	43	44	44	42	43	43	43	
200	44	44	44	44	44	44	44	44	44	44	44	44	44	43	43	44	43	44	44	44	44	44	44	44	44	44	43	44	43	44	
250	44	44	44	44	44	44	44	44	44	45	44	44	44	44	44	44	44	45	45	44	44	44	45	44	45	44	43	44	44	44	
300	45	45	45	45	45	45	45	45	45	45	44	45	45	44	44	44	44	45	45	45	45	45	45	44	45	45	44	44	44	45	
350	45	45	46	45	45	45	45	45	45	46	45	45	45	44	45	45	44	45	46	45	45	45	46	45	45	45	44	45	44	45	
400	45	45	46	46	46	45	46	45	45	46	45	46	46	44	45	45	45	45	46	45	45	45	46	45	45	46	45	45	45	46	
450	46	46	46	46	46	46	46	46	45	47	45	46	46	45	45	45	45	46	46	46	45	46	46	45	46	46	45	45	45	46	
500	46	46	47	46	46	46	46	46	46	47	46	46	46	45	45	45	46	46	47	46	46	46	47	46	46	47	46	45	45	46	
550	47	46	47	47	47	46	47	46	46	48	46	47	47	45	46	46	46	46	47	46	46	47	47	46	46	47	46	46	45	47	
600	47	47	47	47	47	46	47	46	46	48	46	47	47	45	46	46	46	47	47	47	46	47	47	46	47	47	46	46	46	47	
650	48	47	48	47	47	47	47	47	47	48	46	47	47	46	46	46	46	47	48	47	46	48	48	47	47	47	47	47	46	48	
700	48	47	48	48	47	47	48	47	47	49	47	48	48	46	46	46	47	47	48	48	47	48	48	47	47	48	47	47	46	48	
750	48	47	48	48	48	47	48	47	47	49	47	48	48	46	47	47	47	48	48	48	47	48	48	47	48	48	47	47	47	48	
800	49	48	48	48	48	47	48	47	47	49	47	48	48	47	47	47	47	48	48	48	47	48	48	48	48	48	48	48	47	48	
850	49	48	49	49	48	48	49	48	48	49	47	48	48	47	47	47	47	48	49	49	47	49	48	48	48	48	48	48	47	48	
900	49	48	49	49	48	43	49	48	48	44	48	49	48	47	47	48	43	48	49	43	48	43	49	44	49	48	48	48	48	49	
950	49	48	49	49	49	44	49	48	48	44	48	49	49	47	48	48	44	49	49	43	48	44	49	44	49	49	48	48	48	49	
1000	50	48	49	49	49	44	49	48	48	45	48	49	49	47	48	48	44	49	49	44	48	44	49	44	49	49	48	49	48	49	
1050	50	48	49	50	49	44	50	49	48	45	48	49	49	48	48	49	44	49	49	44	48	44	49	45	50	49	48	49	48	49	
1100	50	49	50	50	49	45	50	49	49	45	48	50	49	48	48	49	45	49	50	44	49	45	50	45	50	49	49	49	48	49	
1150	50	49	44	44	49	45	50	49	49	46	49	50	50	48	49	49	45	49	50	45	49	45	50	46	50	49	49	49	49	49	
1200	50	49	45	44	49	45	50	49	49	46	49	50	50	48	49	49	46	49	43	45	49	45	50	46	50	49	49	49	49	49	
1348	44	49	45	45	49	46	50	49	49	47	49	50	50	49	49	49	46	50	44	45	49	46	50	46	43	49	49	43	49	50	
1398	45	49	46	45	49	46	50	49	44	47	49	50	50	49	49	50	46	50	44	46	50	46	44	47	44	50	49	44	49	50	
1448	45	49	46	46	50	46	50	49	44	47	49	50	50	49	49	50	47	50	45	46	50	46	44	47	45	44	49	44	49	50	
1498	46	49	47	46	44	47	44	49	45	48	49	50	43	49	44	50	47	43	45	47	50	47	45	47	45	44	50	45	49	44	
1548	46	49	47	46	44	47	44	49	45	49	49	43	44	49	44	50	47	44	46	47	50	47	45	47	45	45	50	46	49	44	
1598	46	49	48	47	44	47	45	49	45	49	49	44	44	49	45	50	47	44	46	47	50	47	46	48	46	45	50	46	50	44	
1648	47	50	48	47	45	48	45	50	46	49	50	45	45	50	45	43	48	44	47	48	44	48	46	48	47	45	50	47	50	45	
1698	47	50	48	48	45	48	46	43	46	50	50	45	45	44	46	43	48	45	47	48	44	48	47	48	47	46	50	47	50	46	
1748	47	50	49	48	45	48	47	44	47	44	44	46	46	44	46	44	48	45	47	44	45	44	47	44	48	46	50	48	44	46	
1798	48	44	49	48	46	48	47	44	47	44	44	46	46	45	46	44	49	46	48	44	45	44	48	44	48	47	44	48	44	47	
1848	48	44	49	49	47	49	47	45	48	45	45	47	46	46	47	45	49	46	48	44	46	45	48	44	49	47	44	49	45	48	
1898	48	45	50	49	47	49	48	45	48	46	45	47	47	46	47	45	49	47	49	45	46	46	49	45	49	48	45	49	45	48	
1948	49	45	50	49	48	49	48	46	49	46	46	48	47	47	48	46	49	47	49	45	46	46	49	45	50	48	45	49	45	48	
1998	49	46	43	43	48	49	49	46	49	46	47	48	47	47	48	46	49	48	49	45	47	46	49	46	50	48	45	49	46	49	
2048	49	46	44	44	49	49	49	47	49	47	47	48	48	48	49	47	49	49	43	45	47	47	50	46	50	48	45	50	46	49	
2196	44	46	44	44	49	50	49	47	50	47	47	48	48	48	49	47	49	49	44	45	48	47	50	47	44	49	46	44	47	49	
2246	44	47	45	45	50	50	50	48	43	47	48	49	48	48	49	47	50	49	44	46	48	48	44	47	44	49	46	44	47	49	
2296	45	47	45	45	50	50	50	48	44	48	48	49	49	49	50	48	50	49	45	46	48	48	44	47	45	44	47	44	47	50	
2346	45	48	46	46	44	50	43	48	44	48	48	49	44	49	43	48	50	44	45	46	48	49	45	48	45	44	47	45	48	43	
2396	45	48	46	46	44	44	44	49	45	48	48	44	44	49	44	49	50	44	46	46	48	49	45	48	46	44	47	45	48	44	
2446	46	48	46	47	44	44	44	49	45	49	49	44	45	49	44	49	50	44	46	47	49	49	46	48	47	45	48	46	48	44	
2496	46	48	47	47	45	45	45	49	46	49	49	45	45	50	44	43	43	45	47	47	43	50	46	49	47	45	48	47	48	45	
2546	47	49	47	48	45	45	45	43	46	49	49	45	46	43	45	43	44	45	47	47	44	50	46	49	47	46	48	47	49	45	
2596	47	49	48	48	46	46	45	44	46	44	43	46	46	44	45	44	44	46	48	43	44	43	47	49	48	46	49	48	44	45	
2646	48	43	48	48	46	46	46	44	47	44	44	46	47	45	46	44	45	46	48	44	45	43	47	49	48	46	43	48	44	46	
2696	48	44	48	49	47	46	46	44	47	44	44	46	47	45	46	45	45	47	49	45	46	44	48	49	49	47	44	49	45	46	
2746	49	44	49	49	48	47	47	45	47	45	45	47	48	46	47	45	46	47	49	45	46	44	48	49	49	47	44	49	45	47	
2796	49	45	49	49	49	47	47	45	48	45	45	47	48	46	47	46	46	48	50	46	47	44	48	49	49	47	44	49	46	47	
2846	49	45	44	43	49	48	48	46	48	45	46	48	48	47	47	46	47	48	50	46	47	44	49	49	50	48	45	50	47	48	
2896	49	46	44	44	49	48	48	46	49	46	47	49	49	48	48	46	47	48	44	47	48	45	49	49	50	48	45	50	47	48	
3044	44	46	45	45	50	49	48	47	49	46	47	49	49	48	48	47	48	49	44	47	49	45	49	49	43	48	46	44	48	48	
3094	44	47	45	45	50	49	48	47	44	46	48	49	49	49	48	47	49	49	45	47	49	45	43	50	44	48	46	44	48	48	
3144	44	47	46	46	50	50	49	47	44	47	48	50	50	49	49	47	49	49	45	48	49	45	44	50	44	43	46	45	48	49	
3194	45	48	47	46	43	50	44	48	44	47	49	50	43	49	44	48	49	44	46	48	50	46	44	50	45	44	47	45	49	43	
3244	45	48	47	47	44	43	44	48	45	47	49	43	44	50	44	48	50	44	46	48	50	46	45	50	45	45	47	45	49	44	
3294	46	48	48	47	45	44	45	48	45	48	49	43	44	50	45	48	50	45	46	49	50	47	45	44	46	45	47	46	49	44	
3344	47	49	48	47	45	44	46	48	46	48	49	44	44	50	45	44	44	45	47	49	43	47	46	44	46	46	48	47	50	44	
3394	47	49	48	48	46	44	46	43	46	49	50	44	45	44	45	44	44	46	47	50	44	47	46	45	47	46	48	47	50	45	
3444	48	49	48	48	46	45	46	44	47	43	43	44	45	44	46	45	45	46	47	44	44	43	47	45	48	47	48	47	43	45	
3494	48	43	49	49	47	45	47	45	47	44	44	44	46	45	46	45	45	47	47	44	45	43	47	46	48	47	43	48	43	46	
3544	49	44	49	49	47	46	47	45	48	44	44	45	47	45	47	46	45	47	48	45	45	44	47	46	48	48	44	48	44	46	
3594	49	44	49	49	48	46	48	46	48	45	45	45	47	45	47	46	46	48	48	45	46	44	48	47	49	48	44	48	44	46	
3644	49	45	49	50	48	46	48	46	48	45	45	46	47	46	48	46	46	48	48	45	46	45	48	47	49	49	45	49	45	47	
3694	50	45	44	44	48	47	49	46	49	46	46	46	48	47	48	47	47	48	48	46	47	45	49	48	49	49	45	49	46	47	
3744	50	46	44	44	49	47	49	47	49	46	46	47	48	47	49	47	47	48	44	46	47	46	49	48	50	49	45	49	46	47	
3892	43	46	45	44	49	48	50	47	50	47	46	47	48	48	49	47	48	49	44	47	47	46	49	49	44	50	46	44	47	48	
3942	43	46	45	45	49	48	50	48	44	47	47	47	48	48	49	48	48	49	45	48	48	46	44	49	44	50	47	44	47	48	
3992	43	47	46	45	50	49	50	48	45	47	47	47	48	49	49	48	49	49	45	48	48	47	44	49	45	44	47	44	48	49	
4042	44	47	46	46	43	49	44	48	45	48	48	48	43	49	44	48	49	43	46	48	49	47	45	50	45	44	48	45	48	44	
4092	44	47	47	46	44	44	44	49	45	48	48	44	43	49	44	49	49	44	46	49	49	48	45	50	46	44	48	45	49	44	
4142	45	47	47	47	44	44	45	49	46	49	49	44	44	50	45	49	49	44	47	49	49	48	46	44	46	45	48	46	49	45	
4192	45	48	48	47	45	44	45	49	46	49	49	45	44	50	45	44	43	45	47	49	43	49	46	44	47	45	49	46	50	45	
4242	45	48	48	48	46	45	45	44	47	49	50	45	45	44	46	44	44	45	48	49	44	49	47	45	47	46	49	47	50	45	
4292	45	48	48	48	46	45	46	44	47	43	43	46	45	44	46	44	44	45	48	44	45	44	47	45	48	46	49	47	43	46	
4342	46	44	49	49	47	46	46	45	48	44	44	46	45	45	47	45	45	46	49	44	45	44	48	46	48	47	43	48	44	46	
4392	46	44	49	49	48	46	46	45	48	45	44	47	46	45	47	45	45	46	49	44	46	44	48	46	49	47	44	48	45	47	
4442	47	45	50	49	48	47	46	45	48	45	45	47	46	46	48	46	46	47	49	45	46	44	48	47	49	47	45	49	45	47	
4492	47	45	50	50	49	47	47	46	49	46	45	48	46	46	48	46	46	47	50	45	47	45	49	47	50	48	45	49	46	47	
4542	47	46	44	44	49	47	47	46	49	46	46	49	47	47	49	47	47	47	50	46	47	45	49	48	50	48	45	49	46	48	
4592	48	46	44	44	49	48	47	46	49	47	46	49	47	47	49	47	47	48	43	46	48	46	49	48	50	48	46	50	47	48	
4740	43	47	44	45	50	48	47	47	50	47	46	49	47	48	49	48	48	48	44	46	48	47	50	48	44	49	47	43	47	48	
4790	44	47	45	45	50	48	48	47	43	48	47	49	48	48	50	48	48	48	44	47	48	47	43	49	44	49	47	44	47	49	
4840	44	48	46	46	50	49	48	47	44	48	47	50	48	48	50	48	49	49	45	47	49	47	44	49	45	44	47	44	48	49	
4890	45	49	46	46	43	49	44	48	44	49	48	50	44	49	44	49	49	43	45	48	49	48	44	50	45	44	48	45	48	43	
4940	46	49	47	46	44	43	44	48	45	49	48	43	45	49	45	49	49	44	45	48	49	48	45	50	45	44	48	45	48	43	
4990	46	49	47	47	44	44	44	48	45	49	48	44	45	49	45	50	50	44	46	49	49	48	45	44	46	45	48	46	48	44	
5040	47	50	48	47	44	44	45	49	46	50	48	44	45	50	46	43	43	45	46	49	44	49	46	44	46	45	48	46	48	44	
5090	47	50	48	47	45	45	45	44	46	50	48	44	46	43	46	44	44	45	46	49	44	49	47	45	47	45	48	46	49	45	
5140	48	50	48	48	45	45	46	44	46	43	44	44	46	43	47	45	44	45	47	44	45	43	47	45	47	46	49	47	44	45	
5190	48	44	48	48	46	45	46	45	47	44	44	45	46	44	47	45	45	46	47	44	45	44	47	46	48	46	43	47	44	46	
5240	49	44	49	48	46	46	47	45	47	44	45	45	47	44	48	46	45	47	48	44	46	44	48	46	48	47	43	47	45	46	
5290	49	45	49	49	47	46	47	46	48	45	45	46	47	45	48	46	46	47	48	45	46	44	49	47	48	47	44	48	46	47	
5340	49	45	49	49	47	46	47	46	48	46	46	46	47	46	48	46	47	48	48	45	46	45	49	47	49	48	44	48	46	47	
5390	50	46	44	43	47	46	48	46	48	46	46	47	48	46	49	47	47	48	49	46	47	45	49	48	49	48	45	48	47	47	
5440	50	46	44	44	48	47	48	47	49	47	47	47	48	47	49	47	48	48	44	46	47	46	50	48	50	49	45	49	47	48	
5588	43	46	44	44	48	47	48	47	49	47	47	47	48	47	49	48	48	49	44	46	47	46	50	48	43	49	46	44	48	48	
5638	44	47	45	45	48	47	48	47	44	48	47	48	49	48	49	48	49	49	44	47	47	47	44	49	44	49	46	44	48	49	
5688	45	47	45	45	48	47	49	48	44	49	48	48	49	48	50	48	49	49	45	47	48	47	44	49	44	44	47	44	49	49	
5738	45	47	46	45	43	48	44	48	44	49	48	48	43	48	43	49	49	44	45	47	48	47	44	50	45	44	47	45	49	44	
5788	45	48	47	46	44	44	44	48	45	49	49	43	44	49	44	49	49	44	46	48	48	48	45	50	45	45	48	45	49	44	
5838	46	48	47	46	44	44	45	48	45	50	49	44	44	49	44	49	50	45	47	48	49	48	45	44	46	45	48	46	50	45	
5888	46	48	48	47	45	45	45	49	46	50	49	44	44	49	44	43	43	45	47	48	43	49	46	44	46	46	48	46	50	45	
5938	46	49	48	47	45	45	45	43	46	50	49	45	45	43	45	44	44	46	47	48	44	49	46	44	47	46	49	47	50	45	
5988	47	49	49	47	45	46	46	44	46	44	44	45	45	44	45	44	44	46	48	43	45	44	46	45	47	47	49	47	44	46	
6038	47	44	49	48	46	46	46	44	47	44	44	46	45	44	46	45	45	46	48	44	45	44	47	45	48	47	43	48	44	46	
6088	48	44	49	48	46	47	46	45	47	44	44	46	46	45	46	45	45	47	49	45	46	45	47	45	48	47	44	48	44	46	
6138	48	45	50	48	47	47	47	45	47	45	45	47	46	45	47	46	46	47	49	45	46	45	47	46	48	48	44	49	45	47	
6188	48	45	50	49	47	48	48	46	48	45	45	47	47	46	47	46	47	48	49	46	47	45	48	46	49	48	44	49	45	47	
6238	49	45	44	44	48	48	48	46	48	45	45	48	47	46	48	46	47	48	50	46	47	46	48	47	49	48	45	50	46	47	
6288	49	46	44	44	48	49	48	47	49	46	46	48	47	47	48	47	47	49	43	47	48	47	49	47	49	48	45	50	46	48	
6436	43	46	45	45	49	49	49	47	49	46	46	48	48	47	49	47	48	49	44	47	48	47	49	48	44	49	45	44	47	48	
6486	44	47	45	45	49	50	49	48	44	47	46	48	48	47	49	48	48	49	44	47	48	47	43	48	44	49	46	45	47	49	
6536	44	47	46	46	50	50	50	48	44	47	47	49	49	48	50	48	49	49	45	48	49	48	44	49	45	44	46	45	47	49	
6586	45	47	47	46	44	50	44	49	45	47	48	49	44	48	43	49	49	44	45	48	49	48	44	49	45	44	46	45	48	44	
6636	45	48	47	47	44	43	44	49	45	48	48	43	45	48	44	49	49	44	46	48	49	48	44	50	45	44	46	46	48	44	
6686	45	48	47	47	45	44	44	49	46	48	49	44	45	49	44	49	50	44	46	49	50	49	45	43	46	45	47	46	48	44	
6736	46	48	48	47	45	44	45	50	46	49	49	44	45	49	45	44	44	45	46	49	44	49	46	44	46	45	47	47	49	45	
6786	46	49	48	48	46	45	45	44	47	49	49	45	46	43	45	44	44	45	47	49	45	49	46	44	47	45	47	47	49	46	
6836	47	49	48	48	46	45	46	44	47	44	44	45	46	44	45	44	44	46	47	44	45	44	46	45	47	46	48	47	43	46	
6886	47	44	48	48	46	45	46	45	47	44	44	45	47	44	46	45	45	47	48	44	46	44	47	45	48	46	44	48	44	46	
6936	47	44	49	49	47	46	46	46	47	44	44	46	47	45	46	45	45	47	48	44	46	45	47	46	48	46	45	48	45	47	
6986	48	45	49	49	48	46	46	46	48	45	45	46	47	45	47	46	46	48	48	44	46	45	48	46	48	46	46	49	45	47	
7036	48	45	49	49	48	47	47	47	48	45	45	46	48	46	47	46	46	48	49	45	47	45	48	46	49	47	46	49	46	48	
7086	48	45	44	43	48	47	47	47	48	46	46	46	48	46	48	46	47	49	49	45	47	46	49	46	49	47	47	49	47	48	
7136	49	46	44	44	49	47	47	48	49	46	46	47	49	47	48	47	47	49	43	46	47	46	49	47	50	47	47	50	47	49	
7284	44	46	45	44	49	48	48	48	49	47	47	47	49	47	49	47	48	50	44	46	48	47	49	47	44	48	48	43	48	49	
7334	44	46	45	45	49	48	48	49	43	47	47	47	49	48	49	47	48	50	44	46	48	48	43	48	44	48	48	43	48	49	
7384	44	47	46	45	50	49	48	49	44	48	47	48	50	48	50	48	48	50	45	46	49	48	43	49	45	44	48	44	48	50	
7434	45	47	46	46	43	49	44	49	44	48	48	48	43	49	43	48	49	43	45	47	49	49	44	49	45	44	48	44	49	44	
7484	45	48	47	46	44	44	44	49	45	49	48	44	44	49	44	48	49	44	46	47	49	49	44	50	46	45	49	45	49	44	
7534	46	48	47	47	44	44	45	50	46	49	48	44	44	49	44	49	49	45	46	48	49	49	45	44	46	45	49	45	49	44	
7584	46	48	47	47	45	45	45	50	46	49	49	45	45	50	45	43	43	45	47	48	44	50	45	44	46	46	49	45	49	45	
7634	46	49	48	48	45	45	45	44	47	50	49	45	45	44	46	44	43	45	47	48	44	50	46	44	47	46	50	45	50	45	
7684	47	49	48	48	45	45	46	44	47	43	43	45	46	44	46	44	44	46	47	43	44	43	46	45	47	47	50	46	43	46	
7734	47	44	49	48	46	46	46	45	48	44	44	46	46	45	47	45	44	46	48	43	45	44	47	45	47	47	44	46	44	46	
7784	48	45	49	49	46	47	46	45	48	44	44	47	47	45	48	45	45	46	48	44	46	44	47	46	48	48	44	47	44	47	
7834	48	45	49	49	47	47	46	45	49	45	45	47	47	46	48	45	45	47	48	44	46	44	48	46	48	48	45	47	45	47	
7884	49	46	49	49	47	47	47	46	49	45	45	47	48	46	48	46	46	47	49	44	47	45	48	47	48	48	45	47	45	47	
7934	49	46	43	43	47	47	47	46	49	46	46	48	48	46	49	46	46	47	49	45	47	45	49	47	49	48	46	48	46	48	
7984	49	46	44	44	47	48	47	47	50	46	46	48	48	46	49	47	47	47	44	45	48	46	49	47	49	49	46	48	46	48	
8132	44	47	44	44	48	48	48	47	50	47	46	48	48	47	49	47	47	48	44	46	48	46	49	48	43	49	47	44	46	48	
8182	44	47	45	45	48	48	48	48	44	47	47	49	49	47	50	47	47	48	45	46	49	46	43	48	44	49	47	44	47	49	
8232	45	48	45	45	49	48	49	48	44	48	47	49	49	47	50	48	48	48	45	47	49	47	44	49	44	43	47	45	47	49	
8282	46	48	46	46	44	49	43	48	44	48	48	49	43	48	44	48	48	44	45	47	50	47	44	49	45	44	48	45	48	44	
8332	46	48	46	46	44	43	44	49	45	49	48	43	44	48	44	48	49	44	46	48	50	48	45	49	45	44	48	45	48	44	
8382	47	49	46	47	45	44	44	49	46	49	49	44	45	48	44	49	49	45	46	48	50	48	45	43	46	45	48	46	48	45	
8432	47	49	47	47	45	44	45	49	46	49	49	45	45	49	45	44	43	45	46	48	44	48	46	43	46	45	48	46	49	45	
8482	48	49	47	47	46	45	46	43	46	50	50	45	46	43	45	44	44	45	47	49	44	49	46	44	47	46	48	47	49	45	
8532	48	49	47	48	46	45	46	44	47	43	44	46	46	44	46	44	44	46	47	44	44	43	46	44	47	46	49	47	43	46	
8582	48	44	48	48	46	45	47	44	47	44	44	46	46	44	46	45	45	46	47	44	45	44	47	45	48	47	44	48	44	47	
8632	49	44	48	48	47	46	47	45	48	44	45	47	47	45	47	45	46	47	48	45	45	44	47	46	48	47	44	48	44	47	
8682	49	45	48	49	47	46	48	45	48	45	45	47	47	45	47	46	46	47	48	45	46	44	48	46	48	47	45	48	45	47	
8732	49	45	48	49	47	47	49	46	49	45	45	47	47	46	48	46	46	48	48	46	46	45	48	47	49	48	45	49	45	48	
8782	49	46	43	43	48	47	49	46	49	45	46	48	48	46	48	47	47	48	49	46	47	45	48	47	49	48	46	49	46	48	
8832	50	46	44	44	48	48	50	47	49	46	46	48	48	47	48	47	47	48	44	47	47	46	48	48	49	48	46	49	46	49	
8980	44	46	44	44	48	48	50	47	50	46	47	48	49	47	49	48	47	49	44	47	48	46	49	48	43	49	47	43	47	49	
9030	44	47	45	44	49	48	50	48	44	47	47	49	49	48	49	48	48	49	45	47	48	47	43	49	44	49	47	44	47	49	
9080	45	48	45	45	49	49	50	48	44	47	47	49	49	48	50	49	48	49	45	48	48	47	44	49	44	44	48	45	47	50	
9130	45	48	46	45	43	49	44	49	44	48	48	49	43	49	44	49	48	43	46	48	49	47	44	49	45	45	48	45	48	43	
9180	45	49	46	46	44	44	44	49	45	48	48	43	44	49	44	49	48	43	46	49	49	48	44	50	45	45	48	45	48	44	
9230	46	49	47	46	44	44	45	49	45	48	48	44	44	50	44	50	49	44	47	49	50	48	45	44	46	45	48	46	48	44	
9280	46	49	47	46	45	45	45	49	46	49	48	44	45	50	45	44	44	44	47	49	43	48	45	44	46	46	49	46	49	45	
9330	47	50	47	47	45	45	46	43	47	49	48	45	45	43	45	44	44	45	48	49	44	49	46	45	47	46	49	47	49	46	
9380	47	50	48	47	46	45	46	44	47	43	44	45	45	44	45	45	45	45	48	43	44	44	46	45	47	46	49	48	44	46	
9430	48	43	48	48	46	46	47	44	48	44	44	45	46	44	46	45	45	46	48	44	45	44	47	46	48	47	43	48	44	47	
9480	48	44	48	48	46	47	47	45	48	45	45	46	47	45	46	46	46	46	49	44	45	44	48	46	48	47	43	49	45	47	
9530	48	44	49	48	47	47	48	45	48	45	46	46	47	45	46	46	46	47	49	45	46	45	48	46	48	47	44	49	45	48	
9580	48	44	49	49	47	47	48	46	49	45	46	47	48	46	47	47	47	47	50	45	46	45	49	47	49	48	44	49	45	48	
9630	49	45	44	43	48	48	48	46	49	46	47	47	49	46	48	47	47	48	50	46	46	46	49	47	49	48	44	50	46	49	
9680	49	45	44	44	48	48	49	46	49	46	47	47	49	47	48	48	48	48	44	46	47	46	50	48	49	48	45	50	46	49	
9828	44	46	45	44	49	48	49	47	50	47	47	48	49	47	48	48	48	48	44	47	47	46	50	48	43	48	45	43	46	49	
9878	44	46	45	45	49	49	49	47	44	47	48	48	50	48	49	49	48	48	45	47	47	47	43	49	44	49	45	44	47	50	
9928	45	47	45	45	49	49	49	47	44	47	48	48	50	48	49	49	49	49	45	47	48	47	44	49	44	44	46	44	47	50	
9978	45	48	46	46	43	49	44	48	44	48	48	48	44	49	44	50	49	43	46	48	48	47	44	49	45	44	47	44	48	44	
10028	46	48	46	46	44	44	44	48	45	48	49	44	44	49	44	50	49	44	46	48	48	48	45	50	45	44	47	45	48	44	
		49						48			49			49		50	50				49						47		48		
		49						48			49			50													48		48		


Evals | 1 2 3 ... BEST
150	48	48	49	49	48	49	48	48	48	50	48	49	49	48	47	48	49	49	49	50	48	50	49	49	47	48	47	48	48	49	
200	48	48	49	49	48	49	48	48	48	50	48	49	49	48	47	48	49	49	49	50	48	50	49	49	47	48	47	48	48	49	
250	48	48	49	49	48	49	48	48	48	50	48	49	49	48	48	48	49	49	49	50	48	50	49	49	47	48	47	48	48	49	
300	49	48	49	49	48	49	48	48	48	50	48	49	49	48	48	48	49	49	49	50	48	50	49	49	47	48	48	48	48	49	
350	49	48	50	50	48	49	49	49	48	50	48	49	49	48	48	48	49	49	49	50	48	50	49	49	48	48	48	48	48	49	
400	49	48	50	50	49	49	49	49	48	50	48	49	49	49	48	49	49	49	50	50	48	50	49	49	48	48	48	48	48	49	
450	50	48	50	50	49	49	49	49	48	50	48	49	49	49	48	49	49	49	50	50	48	50	49	49	50	49	48	50	48	49	
500	50	48	50	50	49	49	49	49	50	50	48	49	49	49	48	49	49	49	50	50	48	50	50	49	50	49	48	50	49	49	
550	50	49	50	50	49	49	49	49	50	50	48	49	49	49	48	49	49	49	50	50	48	50	50	49	50	50	49	50	49	49	
600	50	49	50	50	50	49	50	49	50	50	49	49	50	49	50	49	49	50	50	50	49	50	50	49	50	50	49	50	49	50	
650	50	49	50	50	50	49	50	49	50	50	49	50	50	49	50	49	49	50	50	50	49	50	50	49	50	50	49	50	49	50	
700	50	49	50	50	50	49	50	49	50	50	49	50	50	49	50	49	49	50	50	50	49	50	50	49	50	50	49	50	49	50	
750	50	49	50	50	50	49	50	49	50	50	49	50	50	49	50	50	49	50	50	50	50	50	50	49	50	50	49	50	49	50	
800	50	49	50	50	50	49	50	50	50	50	49	50	50	50	50	50	49	50	50	50	50	50	50	49	50	50	49	50	49	50	
850	50	49	50	50	50	49	50	50	50	50	50	50	50	50	50	50	49	50	50	50	50	50	50	49	50	50	49	50	50	50	
900	50	50	50	50	50	49	50	50	50	50	50	50	50	50	50	50	49	50	50	50	50	50	50	49	50	50	50	50	50	50	
950	50	50	50	50	50	49	50	50	50	50	50	50	50	50	50	50	49	50	50	50	50	50	50	49	50	50	50	50	50	50	
1000	50	50	50	50	50	49	50	50	50	50	50	50	50	50	50	50	49	50	50	50	50	50	50	49	50	50	50	50	50	50	
1050	50	50	50	50	50	49	50	50	50	50	50	50	50	50	50	50	49	50	50	50	50	50	50	49	50	50	50	50	50	50	
1100	50	50	50	50	50	49	50	50	50	50	50	50	50	50	50	50	49	50	50	50	50	50	50	49	50	50	50	50	50	50	
1150	50	50	50	50	50	49	50	50	50	50	50	50	50	50	50	50	49	50	50	50	50	50	50	49	50	50	50	50	50	50	
1200	50	50	50	50	50	49	50	50	50	50	50	50	50	50	50	50	49	50	50	50	50	50	50	49	50	50	50	50	50	50	
1348	50	50	50	50	50	49	50	50	50	50	50	50	50	50	50	50	49	50	50	50	50	50	50	49	50	50	50	50	50	50	
1398	50	50	50	50	50	49	50	50	50	50	50	50	50	50	50	50	49	50	50	50	50	50	50	49	50	50	50	50	50	50	
1448	50	50	50	50	50	49	50	50	50	50	50	50	50	50	50	50	49	50	50	50	50	50	50	49	50	50	50	50	50	50	
1498	50	50	50	50	50	50	50	50	50	50	50	50	50	50	50	50	49	50	50	50	50	50	50	49	50	50	50	50	50	50	
1548	50	50	50	50	50	50	50	50	50	50	50	50	50	50	50	50	49	50	50	50	50	50	50	49	50	50	50	50	50	50	
1598	50	50	50	50	50	50	50	50	50	50	50	50	50	50	50	50	50	50	50	50	50	50	50	49	50	50	50	50	50	50	
1648	50	50	50	50	50	50	50	50	50	50	50	50	50	50	50	50	50	50	50	50	50	50	50	49	50	50	50	50	50	50	
1698	50	50	50	50	50	50	50	50	50	50	50	50	50	50	50	50	50	50	50	50	50	50	50	49	50	50	50	50	50	50	
1748	50	50	50	50	50	50	50	50	50	50	50	50	50	50	50	50	50	50	50	50	50	50	50	49	50	50	50	50	50	50	
1798	50	50	50	50	50	50	50	50	50	50	50	50	50	50	50	50	50	50	50	50	50	50	50	49	50	50	50	50	50	50	
1848	50	50	50	50	50	50	50	50	50	50	50	50	50	50	50	50	50	50	50	50	50	50	50	49	50	50	50	50	50	50	
1898	50	50	50	50	50	50	50	50	50	50	50	50	50	50	50	50	50	50	50	50	50	50	50	49	50	50	50	50	50	50	
1948	50	50	50	50	50	50	50	50	50	50	50	50	50	50	50	50	50	50	50	50	50	50	50	49	50	50	50	50	50	50	
1998	50	50	50	50	50	50	50	50	50	50	50	50	50	50	50	50	50	50	50	50	50	50	50	49	50	50	50	50	50	50	
2048	50	50	50	50	50	50	50	50	50	50	50	50	50	50	50	50	50	50	50	50	50	50	50	49	50	50	50	50	50	50	
2196	50	50	50	50	50	50	50	50	50	50	50	50	50	50	50	50	50	50	50	50	50	50	50	49	50	50	50	50	50	50	
2246	50	50	50	50	50	50	50	50	50	50	50	50	50	50	50	50	50	50	50	50	50	50	50	49	50	50	50	50	50	50	
2296	50	50	50	50	50	50	50	50	50	50	50	50	50	50	50	50	50	50	50	50	50	50	50	49	50	50	50	50	50	50	
2346	50	50	50	50	50	50	50	50	50	50	50	50	50	50	50	50	50	50	50	50	50	50	50	49	50	50	50	50	50	50	
2396	50	50	50	50	50	50	50	50	50	50	50	50	50	50	50	50	50	50	50	50	50	50	50	50	50	50	50	50	50	50	
2446	50	50	50	50	50	50	50	50	50	50	50	50	50	50	50	50	50	50	50	50	50	50	50	50	50	50	50	50	50	50	
2496	50	50	50	50	50	50	50	50	50	50	50	50	50	50	50	50	50	50	50	50	50	50	50	50	50	50	50	50	50	50	
2546	50	50	50	50	50	50	50	50	50	50	50	50	50	50	50	50	50	50	50	50	50	50	50	50	50	50	50	50	50	50	
2596	50	50	50	50	50	50	50	50	50	50	50	50	50	50	50	50	50	50	50	50	50	50	50	50	50	50	50	50	50	50	
2646	50	50	50	50	50	50	50	50	50	50	50	50	50	50	50	50	50	50	50	50	50	50	50	50	50	50	50	50	50	50	
2696	50	50	50	50	50	50	50	50	50	50	50	50	50	50	50	50	50	50	50	50	50	50	50	50	50	50	50	50	50	50	
2746	50	50	50	50	50	50	50	50	50	50	50	50	50	50	50	50	50	50	50	50	50	50	50	50	50	50	50	50	50	50	
2796	50	50	50	50	50	50	50	50	50	50	50	50	50	50	50	50	50	50	50	50	50	50	50	50	50	50	50	50	50	50	
2846	50	50	50	50	50	50	50	50	50	50	50	50	50	50	50	50	50	50	50	50	50	50	50	50	50	50	50	50	50	50	
2896	50	50	50	50	50	50	50	50	50	50	50	50	50	50	50	50	50	50	50	50	50	50	50	50	50	50	50	50	50	50	
3044	50	50	50	50	50	50	50	50	50	50	50	50	50	50	50	50	50	50	50	50	50	50	50	50	50	50	50	50	50	50	
3094	50	50	50	50	50	50	50	50	50	50	50	50	50	50	50	50	50	50	50	50	50	50	50	50	50	50	50	50	50	50	
3144	50	50	50	50	50	50	50	50	50	50	50	50	50	50	50	50	50	50	50	50	50	50	50	50	50	50	50	50	50	50	
3194	50	50	50	50	50	50	50	50	50	50	50	50	50	50	50	50	50	50	50	50	50	50	50	50	50	50	50	50	50	50	
3244	50	50	50	50	50	50	50	50	50	50	50	50	50	50	50	50	50	50	50	50	50	50	50	50	50	50	50	50	50	50	
3294	50	50	50	50	50	50	50	50	50	50	50	50	50	50	50	50	50	50	50	50	50	50	50	50	50	50	50	50	50	50	
3344	50	50	50	50	50	50	50	50	50	50	50	50	50	50	50	50	50	50	50	50	50	50	50	50	50	50	50	50	50	50	
3394	50	50	50	50	50	50	50	50	50	50	50	50	50	50	50	50	50	50	50	50	50	50	50	50	50	50	50	50	50	50	
3444	50	50	50	50	50	50	50	50	50	50	50	50	50	50	50	50	50	50	50	50	50	50	50	50	50	50	50	50	50	50	
3494	50	50	50	50	50	50	50	50	50	50	50	50	50	50	50	50	50	50	50	50	50	50	50	50	50	50	50	50	50	50	
3544	50	50	50	50	50	50	50	50	50	50	50	50	50	50	50	50	50	50	50	50	50	50	50	50	50	50	50	50	50	50	
3594	50	50	50	50	50	50	50	50	50	50	50	50	50	50	50	50	50	50	50	50	50	50	50	50	50	50	50	50	50	50	
3644	50	50	50	50	50	50	50	50	50	50	50	50	50	50	50	50	50	50	50	50	50	50	50	50	50	50	50	50	50	50	
3694	50	50	50	50	50	50	50	50	50	50	50	50	50	50	50	50	50	50	50	50	50	50	50	50	50	50	50	50	50	50	
3744	50	50	50	50	50	50	50	50	50	50	50	50	50	50	50	50	50	50	50	50	50	50	50	50	50	50	50	50	50	50	
3892	50	50	50	50	50	50	50	50	50	50	50	50	50	50	50	50	50	50	50	50	50	50	50	50	50	50	50	50	50	50	
3942	50	50	50	50	50	50	50	50	50	50	50	50	50	50	50	50	50	50	50	50	50	50	50	50	50	50	50	50	50	50	
3992	50	50	50	50	50	50	50	50	50	50	50	50	50	50	50	50	50	50	50	50	50	50	50	50	50	50	50	50	50	50	
4042	50	50	50	50	50	50	50	50	50	50	50	50	50	50	50	50	50	50	50	50	50	50	50	50	50	50	50	50	50	50	
4092	50	50	50	50	50	50	50	50	50	50	50	50	50	50	50	50	50	50	50	50	50	50	50	50	50	50	50	50	50	50	
4142	50	50	50	50	50	50	50	50	50	50	50	50	50	50	50	50	50	50	50	50	50	50	50	50	50	50	50	50	50	50	
4192	50	50	50	50	50	50	50	50	50	50	50	50	50	50	50	50	50	50	50	50	50	50	50	50	50	50	50	50	50	50	
4242	50	50	50	50	50	50	50	50	50	50	50	50	50	50	50	50	50	50	50	50	50	50	50	50	50	50	50	50	50	50	
4292	50	50	50	50	50	50	50	50	50	50	50	50	50	50	50	50	50	50	50	50	50	50	50	50	50	50	50	50	50	50	
4342	50	50	50	50	50	50	50	50	50	50	50	50	50	50	50	50	50	50	50	50	50	50	50	50	50	50	50	50	50	50	
4392	50	50	50	50	50	50	50	50	50	50	50	50	50	50	50	50	50	50	50	50	50	50	50	50	50	50	50	50	50	50	
4442	50	50	50	50	50	50	50	50	50	50	50	50	50	50	50	50	50	50	50	50	50	50	50	50	50	50	50	50	50	50	
4492	50	50	50	50	50	50	50	50	50	50	50	50	50	50	50	50	50	50	50	50	50	50	50	50	50	50	50	50	50	50	
4542	50	50	50	50	50	50	50	50	50	50	50	50	50	50	50	50	50	50	50	50	50	50	50	50	50	50	50	50	50	50	
4592	50	50	50	50	50	50	50	50	50	50	50	50	50	50	50	50	50	50	50	50	50	50	50	50	50	50	50	50	50	50	
4740	50	50	50	50	50	50	50	50	50	50	50	50	50	50	50	50	50	50	50	50	50	50	50	50	50	50	50	50	50	50	
4790	50	50	50	50	50	50	50	50	50	50	50	50	50	50	50	50	50	50	50	50	50	50	50	50	50	50	50	50	50	50	
4840	50	50	50	50	50	50	50	50	50	50	50	50	50	50	50	50	50	50	50	50	50	50	50	50	50	50	50	50	50	50	
4890	50	50	50	50	50	50	50	50	50	50	50	50	50	50	50	50	50	50	50	50	50	50	50	50	50	50	50	50	50	50	
4940	50	50	50	50	50	50	50	50	50	50	50	50	50	50	50	50	50	50	50	50	50	50	50	50	50	50	50	50	50	50	
4990	50	50	50	50	50	50	50	50	50	50	50	50	50	50	50	50	50	50	50	50	50	50	50	50	50	50	50	50	50	50	
5040	50	50	50	50	50	50	50	50	50	50	50	50	50	50	50	50	50	50	50	50	50	50	50	50	50	50	50	50	50	50	
5090	50	50	50	50	50	50	50	50	50	50	50	50	50	50	50	50	50	50	50	50	50	50	50	50	50	50	50	50	50	50	
5140	50	50	50	50	50	50	50	50	50	50	50	50	50	50	50	50	50	50	50	50	50	50	50	50	50	50	50	50	50	50	
5190	50	50	50	50	50	50	50	50	50	50	50	50	50	50	50	50	50	50	50	50	50	50	50	50	50	50	50	50	50	50	
5240	50	50	50	50	50	50	50	50	50	50	50	50	50	50	50	50	50	50	50	50	50	50	50	50	50	50	50	50	50	50	
5290	50	50	50	50	50	50	50	50	50	50	50	50	50	50	50	50	50	50	50	50	50	50	50	50	50	50	50	50	50	50	
5340	50	50	50	50	50	50	50	50	50	50	50	50	50	50	50	50	50	50	50	50	50	50	50	50	50	50	50	50	50	50	
5390	50	50	50	50	50	50	50	50	50	50	50	50	50	50	50	50	50	50	50	50	50	50	50	50	50	50	50	50	50	50	
5440	50	50	50	50	50	50	50	50	50	50	50	50	50	50	50	50	50	50	50	50	50	50	50	50	50	50	50	50	50	50	
5588	50	50	50	50	50	50	50	50	50	50	50	50	50	50	50	50	50	50	50	50	50	50	50	50	50	50	50	50	50	50	
5638	50	50	50	50	50	50	50	50	50	50	50	50	50	50	50	50	50	50	50	50	50	50	50	50	50	50	50	50	50	50	
5688	50	50	50	50	50	50	50	50	50	50	50	50	50	50	50	50	50	50	50	50	50	50	50	50	50	50	50	50	50	50	
5738	50	50	50	50	50	50	50	50	50	50	50	50	50	50	50	50	50	50	50	50	50	50	50	50	50	50	50	50	50	50	
5788	50	50	50	50	50	50	50	50	50	50	50	50	50	50	50	50	50	50	50	50	50	50	50	50	50	50	50	50	50	50	
5838	50	50	50	50	50	50	50	50	50	50	50	50	50	50	50	50	50	50	50	50	50	50	50	50	50	50	50	50	50	50	
5888	50	50	50	50	50	50	50	50	50	50	50	50	50	50	50	50	50	50	50	50	50	50	50	50	50	50	50	50	50	50	
5938	50	50	50	50	50	50	50	50	50	50	50	50	50	50	50	50	50	50	50	50	50	50	50	50	50	50	50	50	50	50	
5988	50	50	50	50	50	50	50	50	50	50	50	50	50	50	50	50	50	50	50	50	50	50	50	50	50	50	50	50	50	50	
6038	50	50	50	50	50	50	50	50	50	50	50	50	50	50	50	50	50	50	50	50	50	50	50	50	50	50	50	50	50	50	
6088	50	50	50	50	50	50	50	50	50	50	50	50	50	50	50	50	50	50	50	50	50	50	50	50	50	50	50	50	50	50	
6138	50	50	50	50	50	50	50	50	50	50	50	50	50	50	50	50	50	50	50	50	50	50	50	50	50	50	50	50	50	50	
6188	50	50	50	50	50	50	50	50	50	50	50	50	50	50	50	50	50	50	50	50	50	50	50	50	50	50	50	50	50	50	
6238	50	50	50	50	50	50	50	50	50	50	50	50	50	50	50	50	50	50	50	50	50	50	50	50	50	50	50	50	50	50	
6288	50	50	50	50	50	50	50	50	50	50	50	50	50	50	50	50	50	50	50	50	50	50	50	50	50	50	50	50	50	50	
6436	50	50	50	50	50	50	50	50	50	50	50	50	50	50	50	50	50	50	50	50	50	50	50	50	50	50	50	50	50	50	
6486	50	50	50	50	50	50	50	50	50	50	50	50	50	50	50	50	50	50	50	50	50	50	50	50	50	50	50	50	50	50	
6536	50	50	50	50	50	50	50	50	50	50	50	50	50	50	50	50	50	50	50	50	50	50	50	50	50	50	50	50	50	50	
6586	50	50	50	50	50	50	50	50	50	50	50	50	50	50	50	50	50	50	50	50	50	50	50	50	50	50	50	50	50	50	
6636	50	50	50	50	50	50	50	50	50	50	50	50	50	50	50	50	50	50	50	50	50	50	50	50	50	50	50	50	50	50	
6686	50	50	50	50	50	50	50	50	50	50	50	50	50	50	50	50	50	50	50	50	50	50	50	50	50	50	50	50	50	50	
6736	50	50	50	50	50	50	50	50	50	50	50	50	50	50	50	50	50	50	50	50	50	50	50	50	50	50	50	50	50	50	
6786	50	50	50	50	50	50	50	50	50	50	50	50	50	50	50	50	50	50	50	50	50	50	50	50	50	50	50	50	50	50	
6836	50	50	50	50	50	50	50	50	50	50	50	50	50	50	50	50	50	50	50	50	50	50	50	50	50	50	50	50	50	50	
6886	50	50	50	50	50	50	50	50	50	50	50	50	50	50	50	50	50	50	50	50	50	50	50	50	50	50	50	50	50	50	
6936	50	50	50	50	50	50	50	50	50	50	50	50	50	50	50	50	50	50	50	50	50	50	50	50	50	50	50	50	50	50	
6986	50	50	50	50	50	50	50	50	50	50	50	50	50	50	50	50	50	50	50	50	50	50	50	50	50	50	50	50	50	50	
7036	50	50	50	50	50	50	50	50	50	50	50	50	50	50	50	50	50	50	50	50	50	50	50	50	50	50	50	50	50	50	
7086	50	50	50	50	50	50	50	50	50	50	50	50	50	50	50	50	50	50	50	50	50	50	50	50	50	50	50	50	50	50	
7136	50	50	50	50	50	50	50	50	50	50	50	50	50	50	50	50	50	50	50	50	50	50	50	50	50	50	50	50	50	50	
7284	50	50	50	50	50	50	50	50	50	50	50	50	50	50	50	50	50	50	50	50	50	50	50	50	50	50	50	50	50	50	
7334	50	50	50	50	50	50	50	50	50	50	50	50	50	50	50	50	50	50	50	50	50	50	50	50	50	50	50	50	50	50	
7384	50	50	50	50	50	50	50	50	50	50	50	50	50	50	50	50	50	50	50	50	50	50	50	50	50	50	50	50	50	50	
7434	50	50	50	50	50	50	50	50	50	50	50	50	50	50	50	50	50	50	50	50	50	50	50	50	50	50	50	50	50	50	
7484	50	50	50	50	50	50	50	50	50	50	50	50	50	50	50	50	50	50	50	50	50	50	50	50	50	50	50	50	50	50	
7534	50	50	50	50	50	50	50	50	50	50	50	50	50	50	50	50	50	50	50	50	50	50	50	50	50	50	50	50	50	50	
7584	50	50	50	50	50	50	50	50	50	50	50	50	50	50	50	50	50	50	50	50	50	50	50	50	50	50	50	50	50	50	
7634	50	50	50	50	50	50	50	50	50	50	50	50	50	50	50	50	50	50	50	50	50	50	50	50	50	50	50	50	50	50	
7684	50	50	50	50	50	50	50	50	50	50	50	50	50	50	50	50	50	50	50	50	50	50	50	50	50	50	50	50	50	50	
7734	50	50	50	50	50	50	50	50	50	50	50	50	50	50	50	50	50	50	50	50	50	50	50	50	50	50	50	50	50	50	
7784	50	50	50	50	50	50	50	50	50	50	50	50	50	50	50	50	50	50	50	50	50	50	50	50	50	50	50	50	50	50	
7834	50	50	50	50	50	50	50	50	50	50	50	50	50	50	50	50	50	50	50	50	50	50	50	50	50	50	50	50	50	50	
7884	50	50	50	50	50	50	50	50	50	50	50	50	50	50	50	50	50	50	50	50	50	50	50	50	50	50	50	50	50	50	
7934	50	50	50	50	50	50	50	50	50	50	50	50	50	50	50	50	50	50	50	50	50	50	50	50	50	50	50	50	50	50	
7984	50	50	50	50	50	50	50	50	50	50	50	50	50	50	50	50	50	50	50	50	50	50	50	50	50	50	50	50	50	50	
8132	50	50	50	50	50	50	50	50	50	50	50	50	50	50	50	50	50	50	50	50	50	50	50	50	50	50	50	50	50	50	
8182	50	50	50	50	50	50	50	50	50	50	50	50	50	50	50	50	50	50	50	50	50	50	50	50	50	50	50	50	50	50	
8232	50	50	50	50	50	50	50	50	50	50	50	50	50	50	50	50	50	50	50	50	50	50	50	50	50	50	50	50	50	50	
8282	50	50	50	50	50	50	50	50	50	50	50	50	50	50	50	50	50	50	50	50	50	50	50	50	50	50	50	50	50	50	
8332	50	50	50	50	50	50	50	50	50	50	50	50	50	50	50	50	50	50	50	50	50	50	50	50	50	50	50	50	50	50	
8382	50	50	50	50	50	50	50	50	50	50	50	50	50	50	50	50	50	50	50	50	50	50	50	50	50	50	50	50	50	50	
8432	50	50	50	50	50	50	50	50	50	50	50	50	50	50	50	50	50	50	50	50	50	50	50	50	50	50	50	50	50	50	
8482	50	50	50	50	50	50	50	50	50	50	50	50	50	50	50	50	50	50	50	50	50	50	50	50	50	50	50	50	50	50	
8532	50	50	50	50	50	50	50	50	50	50	50	50	50	50	50	50	50	50	50	50	50	50	50	50	50	50	50	50	50	50	
8582	50	50	50	50	50	50	50	50	50	50	50	50	50	50	50	50	50	50	50	50	50	50	50	50	50	50	50	50	50	50	
8632	50	50	50	50	50	50	50	50	50	50	50	50	50	50	50	50	50	50	50	50	50	50	50	50	50	50	50	50	50	50	
8682	50	50	50	50	50	50	50	50	50	50	50	50	50	50	50	50	50	50	50	50	50	50	50	50	50	50	50	50	50	50	
8732	50	50	50	50	50	50	50	50	50	50	50	50	50	50	50	50	50	50	50	50	50	50	50	50	50	50	50	50	50	50	
8782	50	50	50	50	50	50	50	50	50	50	50	50	50	50	50	50	50	50	50	50	50	50	50	50	50	50	50	50	50	50	
8832	50	50	50	50	50	50	50	50	50	50	50	50	50	50	50	50	50	50	50	50	50	50	50	50	50	50	50	50	50	50	
8980	50	50	50	50	50	50	50	50	50	50	50	50	50	50	50	50	50	50	50	50	50	50	50	50	50	50	50	50	50	50	
9030	50	50	50	50	50	50	50	50	50	50	50	50	50	50	50	50	50	50	50	50	50	50	50	50	50	50	50	50	50	50	
9080	50	50	50	50	50	50	50	50	50	50	50	50	50	50	50	50	50	50	50	50	50	50	50	50	50	50	50	50	50	50	
9130	50	50	50	50	50	50	50	50	50	50	50	50	50	50	50	50	50	50	50	50	50	50	50	50	50	50	50	50	50	50	
9180	50	50	50	50	50	50	50	50	50	50	50	50	50	50	50	50	50	50	50	50	50	50	50	50	50	50	50	50	50	50	
9230	50	50	50	50	50	50	50	50	50	50	50	50	50	50	50	50	50	50	50	50	50	50	50	50	50	50	50	50	50	50	
9280	50	50	50	50	50	50	50	50	50	50	50	50	50	50	50	50	50	50	50	50	50	50	50	50	50	50	50	50	50	50	
9330	50	50	50	50	50	50	50	50	50	50	50	50	50	50	50	50	50	50	50	50	50	50	50	50	50	50	50	50	50	50	
9380	50	50	50	50	50	50	50	50	50	50	50	50	50	50	50	50	50	50	50	50	50	50	50	50	50	50	50	50	50	50	
9430	50	50	50	50	50	50	50	50	50	50	50	50	50	50	50	50	50	50	50	50	50	50	50	50	50	50	50	50	50	50	
9480	50	50	50	50	50	50	50	50	50	50	50	50	50	50	50	50	50	50	50	50	50	50	50	50	50	50	50	50	50	50	
9530	50	50	50	50	50	50	50	50	50	50	50	50	50	50	50	50	50	50	50	50	50	50	50	50	50	50	50	50	50	50	
9580	50	50	50	50	50	50	50	50	50	50	50	50	50	50	50	50	50	50	50	50	50	50	50	50	50	50	50	50	50	50	
9630	50	50	50	50	50	50	50	50	50	50	50	50	50	50	50	50	50	50	50	50	50	50	50	50	50	50	50	50	50	50	
9680	50	50	50	50	50	50	50	50	50	50	50	50	50	50	50	50	50	50	50	50	50	50	50	50	50	50	50	50	50	50	
9828	50	50	50	50	50	50	50	50	50	50	50	50	50	50	50	50	50	50	50	50	50	50	50	50	50	50	50	50	50	50	
9878	50	50	50	50	50	50	50	50	50	50	50	50	50	50	50	50	50	50	50	50	50	50	50	50	50	50	50	50	50	50	
9928	50	50	50	50	50	50	50	50	50	50	50	50	50	50	50	50	50	50	50	50	50	50	50	50	50	50	50	50	50	50	
9978	50	50	50	50	50	50	50	50	50	50	50	50	50	50	50	50	50	50	50	50	50	50	50	50	50	50	50	50	50	50	
10028	50	50	50	50	50	50	50	50	50	50	50	50	50	50	50	50	50	50	50	50	50	50	50	50	50	50	50	50	50	50	
		50						50			50			50		50	50				50						50		50		
		50						50			50			50													50		50		
