From log file: logs/4withadapt.txt

Evals | 1 2 3 ... AVG
150	933	936	934	935	932	933	935	932	933	934	933	933	934	934	933	934	934	932	931	932	935	933	935	933	934	935	932	933	934	933	
200	934	938	935	936	934	934	937	934	935	936	935	935	936	937	935	936	937	934	933	934	937	935	937	936	936	937	935	936	935	934	
250	935	940	937	939	937	937	938	936	937	937	937	936	938	938	937	937	939	936	935	936	939	937	939	939	938	939	937	939	937	935	
300	937	942	939	941	939	939	939	937	939	939	939	938	940	940	938	939	942	938	938	937	940	939	941	940	940	940	939	940	938	938	
350	938	944	940	943	941	941	941	938	942	940	940	939	942	943	941	941	944	939	940	939	942	941	943	943	941	942	941	941	940	940	
400	940	946	942	945	944	943	942	941	944	942	943	941	944	945	943	942	946	940	941	941	945	943	945	945	943	944	943	942	942	941	
450	942	947	945	947	945	945	944	943	946	945	945	944	945	947	945	945	948	942	944	943	946	945	947	947	945	946	944	945	943	943	
500	943	949	947	949	947	947	947	945	948	947	947	946	947	949	947	947	951	944	946	945	948	947	949	950	947	948	946	947	945	946	
550	945	950	948	951	949	949	948	946	950	948	950	947	948	951	948	949	953	946	948	946	949	949	951	952	948	949	948	948	947	947	
600	947	952	950	953	951	951	951	948	952	951	952	949	950	953	950	951	955	948	949	948	950	950	952	955	950	951	950	950	948	948	
650	949	954	953	954	952	953	952	950	954	953	954	951	951	955	952	953	956	949	951	950	952	951	954	957	951	953	952	952	950	949	
700	951	955	956	957	953	955	955	952	955	955	957	952	953	957	954	955	958	951	953	952	953	953	955	959	953	954	954	955	952	951	
750	952	956	958	959	955	957	956	953	957	956	958	954	954	958	955	958	959	952	955	953	955	955	957	960	954	955	955	956	953	952	
800	953	958	960	961	956	959	958	954	960	959	960	956	956	959	956	961	961	953	956	954	956	956	958	962	956	957	956	958	955	953	
850	955	960	962	962	957	960	959	955	961	961	962	957	957	961	958	963	962	954	957	956	957	958	959	963	958	958	958	959	956	955	
900	956	961	964	963	959	961	961	957	963	964	964	958	958	962	959	966	963	956	958	957	959	960	960	964	960	960	960	961	958	956	
950	957	962	965	965	959	962	963	959	964	966	965	959	960	964	961	969	965	958	959	958	960	962	961	966	962	961	962	963	959	957	
1000	958	964	966	966	960	963	964	960	966	969	967	960	961	966	962	972	966	960	960	959	961	964	963	967	963	962	963	964	961	958	
1050	960	965	968	967	962	965	965	962	967	971	969	961	962	967	964	974	968	962	961	960	962	966	963	968	965	963	964	966	962	959	
1100	961	967	969	968	963	966	966	963	968	973	971	962	964	968	966	975	969	964	963	961	963	967	964	969	966	964	965	968	964	960	
1150	963	969	971	969	965	967	967	964	969	974	973	963	965	970	967	976	970	966	964	962	964	969	965	970	967	966	966	970	965	961	
1200	965	970	972	970	966	969	967	966	970	976	974	964	966	971	968	977	971	968	965	963	965	970	966	970	968	967	967	972	966	962	
1250	967	972	973	971	968	970	968	967	971	976	976	965	967	972	969	978	972	970	966	964	966	971	966	971	969	968	967	974	967	963	
1300	969	974	974	972	969	970	969	968	973	977	977	966	968	974	971	979	973	971	967	965	967	972	967	972	970	970	968	975	968	965	
1350	971	975	974	974	970	971	970	969	974	978	978	967	969	975	972	980	974	972	969	966	968	973	968	973	971	971	969	976	969	966	
1400	972	977	975	974	972	972	971	970	975	979	979	967	970	976	973	981	975	972	970	967	969	974	969	973	972	972	971	977	970	967	
1450	974	978	976	975	973	972	972	971	976	980	980	968	971	977	974	983	976	973	972	969	971	975	969	974	972	973	972	979	971	968	
1500	976	979	976	977	974	973	973	972	977	981	982	969	971	978	976	984	978	974	973	970	972	976	970	975	973	974	973	980	972	969	
1550	977	980	978	978	975	974	973	973	979	981	982	970	972	979	977	985	979	975	974	971	973	977	971	976	974	976	974	981	973	970	
1600	978	981	978	979	976	974	974	974	980	982	983	971	973	979	979	987	980	975	975	972	973	978	973	977	975	977	975	982	973	971	
1650	978	982	979	980	977	975	974	975	981	983	985	971	974	980	981	987	982	975	976	973	974	979	974	977	975	978	975	983	974	972	
1700	979	983	979	981	978	976	975	975	982	983	985	972	974	981	982	988	983	976	977	975	975	980	976	978	976	979	977	984	975	974	
1750	980	985	980	983	978	976	976	976	984	984	986	972	974	981	984	989	984	976	978	976	975	981	977	978	977	980	977	984	976	975	
1800	980	986	981	984	979	977	977	976	985	984	987	973	975	982	985	990	985	977	979	977	976	982	979	979	978	980	978	985	977	976	
1850	981	986	982	985	979	977	977	976	986	984	988	974	975	983	985	990	986	977	980	978	977	982	980	980	979	981	979	985	978	977	
1900	981	987	982	986	980	978	979	977	988	985	988	975	976	984	986	991	987	978	981	979	977	984	981	980	980	982	980	986	979	979	
1950	982	988	983	987	981	978	980	977	989	985	989	976	976	984	987	992	988	978	982	980	978	985	982	981	981	983	981	986	980	980	
2000	982	989	984	987	982	978	981	978	990	985	990	976	976	985	988	992	989	979	983	980	979	986	982	982	982	984	982	987	981	981	
2050	983	990	985	988	982	979	981	978	991	986	991	977	977	986	989	992	990	979	984	981	979	987	983	983	982	984	982	987	983	982	
2100	983	990	986	989	983	979	982	979	992	986	992	978	977	987	989	993	991	980	984	981	980	988	984	984	983	985	983	988	984	983	
2150	983	991	987	990	983	980	983	979	993	987	993	979	977	988	990	993	992	980	985	981	981	988	985	985	983	986	984	989	985	984	
2200	984	992	988	991	983	980	984	980	994	987	993	980	977	989	990	994	993	981	985	982	981	989	986	986	984	987	984	989	986	985	
2250	985	992	989	992	984	980	984	980	994	987	994	981	977	990	991	994	993	981	986	982	982	989	987	988	985	988	985	990	987	985	
2300	985	993	990	993	984	981	985	981	995	988	994	982	978	991	992	994	993	982	987	983	982	989	988	989	985	989	986	991	988	986	
2350	986	993	991	994	984	981	986	981	996	988	995	984	978	991	993	995	993	983	987	983	982	990	989	990	986	991	986	991	989	986	
2400	986	994	992	995	985	982	987	982	997	988	995	985	978	992	993	995	994	983	988	984	983	990	990	991	987	992	987	992	989	987	
2450	986	995	992	997	985	982	988	983	998	988	996	986	979	992	994	996	994	984	988	984	983	991	990	992	987	993	988	993	990	987	
2500	987	996	993	998	985	983	988	984	998	988	996	987	979	992	995	997	994	984	989	984	984	991	991	993	988	993	988	993	990	987	
2550	987	997	993	1000	985	984	989	984	999	988	996	988	980	993	996	997	995	985	989	984	984	992	991	993	989	994	988	994	991	988	
2600	987	997	993	1001	985	985	990	985	999	988	997	989	980	993	996	998	995	985	989	984	984	992	991	994	989	995	989	994	991	989	
2650	987	998	993	1001	985	986	991	986	1000	988	997	990	981	993	997	998	996	985	990	985	985	992	991	994	990	995	989	995	991	989	
2700	987	998	993	1001	985	986	992	987	1000	989	997	991	981	994	997	998	997	986	990	985	985	993	992	995	990	996	990	995	991	990	
2750	988	999	994	1001	986	987	993	988	1000	989	998	991	981	994	998	998	997	986	990	986	986	994	992	995	991	996	990	996	992	991	
2800	988	999	994	1001	986	988	993	988	1000	989	998	992	982	995	999	999	997	986	991	986	987	994	993	996	991	997	990	996	992	991	
2850	988	1000	995	1001	986	989	994	989	1000	989	999	993	982	996	999	999	998	986	991	986	988	994	993	996	992	997	991	996	993	991	
2900	989	1000	996	1001	986	990	995	989	1001	989	999	994	983	996	999	999	998	987	991	987	988	995	993	996	992	998	991	997	993	992	
2950	989	1001	997	1001	986	991	995	990	1001	989	999	994	983	997	1000	1000	998	987	992	988	989	995	994	996	992	998	991	997	993	992	
3000	989	1001	997	1002	987	991	995	990	1002	989	1000	995	983	998	1000	1000	999	987	992	988	989	995	994	997	993	999	992	998	994	993	
3050	989	1001	997	1002	987	992	996	991	1002	989	1000	996	984	999	1000	1001	999	988	992	988	989	995	994	998	993	999	992	998	994	993	
3100	990	1002	998	1002	988	993	996	991	1002	989	1000	997	984	1000	1000	1001	1000	988	993	989	990	995	995	998	994	1000	992	999	994	993	
3150	990	1002	998	1002	988	994	997	992	1002	989	1000	998	985	1001	1001	1001	1000	988	994	989	990	996	995	999	994	1000	992	999	994	993	
3200	991	1002	998	1002	988	995	998	992	1002	989	1001	999	985	1001	1001	1001	1000	988	995	990	990	996	995	999	995	1001	992	999	995	993	
3250	991	1003	999	1003	988	995	998	992	1002	989	1001	999	986	1001	1001	1001	1000	988	996	991	990	996	996	999	995	1001	992	1000	995	993	
3300	991	1003	1000	1003	989	995	999	992	1002	989	1001	1000	986	1002	1002	1002	1000	988	997	991	991	996	996	999	996	1001	993	1001	995	993	
3350	991	1004	1000	1003	989	995	999	993	1002	989	1002	1000	986	1002	1002	1002	1000	989	997	992	991	997	996	999	997	1002	993	1001	995	993	
3400	991	1005	1000	1004	989	995	1000	993	1002	989	1002	1001	987	1003	1002	1002	1000	989	998	992	991	998	996	999	997	1002	993	1001	996	993	
3450	991	1005	1000	1004	989	995	1000	993	1002	989	1002	1001	987	1003	1002	1002	1000	989	998	993	991	998	996	999	997	1002	994	1001	996	993	
3500	991	1006	1001	1004	989	995	1001	994	1002	989	1003	1002	987	1003	1002	1002	1000	989	999	993	992	999	996	999	998	1002	994	1001	996	993	
3550	991	1006	1001	1004	989	996	1001	994	1003	989	1003	1002	988	1004	1002	1002	1000	990	999	993	992	999	996	999	998	1003	994	1002	997	993	
3600	991	1006	1001	1004	989	996	1001	995	1003	989	1004	1002	989	1004	1002	1002	1000	990	1000	994	993	999	996	999	998	1004	994	1002	997	993	
3650	991	1006	1001	1005	989	996	1002	995	1003	989	1004	1003	989	1005	1002	1002	1000	990	1001	994	993	999	997	999	999	1004	994	1003	997	993	
3700	991	1007	1001	1005	989	996	1002	996	1003	989	1005	1003	990	1005	1002	1003	1000	990	1001	995	993	1000	997	999	999	1005	994	1003	997	993	
3750	992	1007	1001	1005	989	996	1002	996	1003	989	1005	1003	990	1005	1002	1003	1000	990	1002	996	993	1000	997	999	1000	1005	994	1003	998	993	
3800	992	1007	1002	1005	989	996	1002	997	1003	989	1005	1003	990	1005	1002	1003	1000	990	1002	996	994	1000	997	999	1001	1005	994	1003	998	993	
3850	992	1007	1002	1005	989	996	1002	997	1003	989	1006	1004	990	1005	1002	1003	1000	990	1002	996	994	1000	997	999	1001	1005	994	1003	998	993	
3900	992	1007	1002	1005	989	996	1002	997	1003	989	1006	1004	991	1005	1002	1003	1000	990	1002	997	994	1000	997	999	1001	1005	994	1003	998	993	
3950	992	1007	1003	1006	990	996	1002	997	1003	989	1006	1004	991	1005	1002	1003	1000	990	1002	997	995	1000	997	999	1001	1005	994	1003	998	993	
4000	992	1008	1003	1006	990	996	1002	998	1004	989	1006	1004	992	1005	1002	1003	1000	990	1002	998	995	1000	997	999	1001	1006	994	1004	998	993	
4050	992	1008	1003	1006	990	996	1002	998	1004	989	1006	1004	992	1005	1002	1003	1000	990	1003	998	995	1000	997	999	1001	1007	994	1004	998	993	
4100	992	1009	1004	1006	990	997	1003	998	1004	989	1006	1004	993	1005	1002	1003	1000	990	1003	998	995	1000	997	999	1001	1007	994	1005	998	993	
4150	992	1009	1004	1006	990	997	1003	998	1004	989	1007	1004	993	1006	1002	1003	1000	990	1003	998	995	1000	997	999	1001	1007	994	1005	998	993	
4200	992	1009	1004	1006	990	997	1003	998	1005	989	1007	1005	993	1006	1002	1003	1000	990	1003	998	996	1001	997	999	1001	1007	994	1005	998	993	
4250	992	1009	1004	1006	990	997	1004	998	1005	989	1007	1005	993	1006	1002	1003	1000	990	1003	998	996	1001	997	999	1001	1007	994	1006	998	993	
4300	992	1010	1004	1006	990	997	1004	999	1005	989	1007	1005	994	1006	1002	1003	1000	990	1003	999	996	1001	997	999	1001	1008	995	1006	998	993	
4350	992	1010	1004	1006	990	997	1004	999	1005	989	1007	1005	994	1006	1002	1003	1000	990	1003	999	996	1001	997	999	1001	1009	995	1006	999	993	
4400	992	1011	1004	1006	990	997	1004	999	1005	989	1007	1005	994	1006	1002	1003	1000	990	1003	999	996	1002	997	999	1001	1009	995	1006	999	993	
4450	992	1011	1004	1006	990	997	1004	999	1005	989	1007	1005	994	1006	1002	1003	1000	990	1003	1000	996	1002	998	999	1001	1009	995	1006	999	993	
4500	992	1011	1005	1006	990	997	1004	1000	1005	989	1007	1005	994	1006	1002	1003	1000	990	1003	1000	996	1002	998	999	1001	1009	995	1006	999	993	
4550	992	1011	1005	1006	990	997	1004	1000	1005	989	1007	1005	994	1006	1002	1003	1000	990	1003	1000	996	1002	998	999	1001	1009	995	1006	999	993	
4600	992	1011	1005	1006	990	997	1005	1000	1005	989	1007	1005	995	1006	1002	1003	1000	990	1003	1001	996	1002	998	999	1001	1009	995	1006	999	993	
4650	992	1011	1005	1006	990	997	1005	1000	1005	989	1007	1005	995	1006	1002	1003	1000	990	1003	1001	997	1002	998	999	1001	1009	995	1006	999	993	
4700	992	1011	1005	1006	990	997	1005	1000	1005	989	1007	1005	995	1006	1002	1003	1000	990	1003	1001	997	1002	998	999	1001	1009	995	1006	999	993	
4750	992	1011	1005	1006	990	997	1005	1001	1005	989	1007	1005	995	1006	1002	1003	1000	990	1003	1001	997	1002	998	999	1001	1009	995	1006	999	993	
4800	992	1011	1005	1006	990	997	1005	1001	1005	989	1007	1005	995	1006	1002	1003	1000	990	1003	1001	997	1002	998	999	1001	1009	995	1006	999	993	
4850	992	1011	1005	1006	990	997	1005	1001	1005	989	1007	1005	995	1006	1002	1003	1000	990	1003	1001	997	1003	998	999	1001	1009	995	1006	999	993	
4900	992	1011	1005	1006	990	997	1006	1002	1005	989	1007	1006	995	1006	1002	1003	1000	990	1003	1001	997	1003	998	999	1001	1009	995	1006	999	993	
4950	992	1011	1005	1006	990	998	1006	1002	1005	989	1007	1006	995	1006	1002	1003	1000	990	1003	1001	997	1003	998	999	1001	1009	995	1006	999	993	
5000	992	1011	1005	1006	990	998	1006	1002	1005	989	1007	1006	995	1006	1002	1003	1000	990	1003	1001	997	1003	998	999	1001	1009	995	1006	999	993	
5050	992	1011	1005	1006	990	998	1006	1002	1005	989	1007	1006	995	1006	1002	1003	1000	990	1003	1001	997	1003	998	999	1001	1009	995	1006	999	993	
5100	992	1011	1005	1006	990	998	1006	1002	1005	989	1007	1006	995	1006	1002	1003	1000	990	1003	1001	997	1003	998	999	1001	1009	995	1006	999	993	
5150	992	1011	1005	1006	990	998	1006	1002	1005	989	1007	1006	995	1006	1002	1003	1000	990	1003	1001	997	1003	998	999	1001	1009	995	1006	999	993	
5200	992	1011	1005	1006	990	998	1006	1002	1005	989	1007	1006	995	1006	1002	1003	1000	990	1003	1001	997	1003	998	999	1001	1009	995	1006	999	993	
5250	992	1011	1005	1006	990	998	1006	1002	1005	989	1007	1006	995	1006	1002	1003	1000	990	1003	1001	997	1003	998	999	1001	1009	995	1006	999	993	
5300	992	1011	1005	1006	990	998	1006	1002	1005	989	1007	1006	995	1006	1002	1003	1000	990	1003	1001	997	1003	998	999	1001	1009	995	1006	999	993	
5350	992	1011	1005	1006	990	998	1006	1002	1006	989	1007	1006	995	1006	1002	1003	1000	990	1003	1001	997	1003	998	999	1001	1009	995	1006	999	993	
5400	992	1011	1006	1006	990	998	1006	1002	1006	989	1007	1006	995	1006	1002	1003	1000	990	1003	1001	997	1003	998	999	1001	1009	995	1006	999	993	
5450	992	1011	1006	1006	990	998	1006	1002	1006	989	1007	1006	995	1006	1002	1003	1000	990	1003	1001	997	1003	998	1000	1001	1009	995	1006	999	993	
5500	992	1011	1006	1006	990	998	1006	1002	1006	989	1007	1007	995	1006	1002	1003	1000	990	1003	1001	997	1003	998	1000	1001	1009	995	1006	999	993	
5550	992	1011	1006	1006	990	998	1006	1002	1006	989	1007	1007	995	1006	1002	1003	1000	990	1003	1001	997	1003	998	1000	1001	1009	995	1006	999	993	
5600	992	1011	1006	1006	990	998	1006	1002	1006	989	1007	1007	995	1006	1002	1003	1000	990	1003	1001	997	1003	998	1000	1001	1009	995	1006	999	993	
5650	992	1011	1006	1006	990	998	1006	1002	1006	989	1007	1007	995	1006	1002	1003	1000	990	1003	1001	997	1003	998	1000	1001	1009	995	1006	999	993	
5700	992	1011	1006	1006	990	998	1006	1002	1006	989	1007	1007	995	1006	1002	1003	1000	990	1003	1001	997	1003	998	1000	1001	1009	995	1006	999	993	
5750	992	1011	1006	1006	990	998	1006	1002	1006	989	1007	1007	995	1006	1002	1003	1000	990	1003	1001	997	1003	998	1000	1001	1009	995	1006	999	993	
5800	992	1011	1006	1006	990	998	1006	1002	1006	989	1007	1007	995	1006	1002	1003	1000	990	1003	1001	997	1003	998	1000	1001	1009	995	1006	999	993	
5850	992	1011	1006	1006	990	998	1006	1002	1006	989	1007	1007	995	1006	1002	1003	1000	990	1003	1001	997	1003	998	1000	1001	1009	995	1006	999	993	
5900	992	1011	1006	1006	990	998	1006	1002	1006	989	1007	1007	995	1006	1002	1003	1000	990	1003	1001	997	1003	998	1000	1001	1009	995	1006	999	993	
5950	992	1011	1006	1006	990	998	1006	1002	1006	989	1007	1008	995	1006	1002	1003	1000	990	1003	1001	997	1003	998	1000	1001	1009	995	1006	999	993	
6000	992	1011	1006	1006	990	998	1006	1002	1006	989	1007	1008	995	1006	1002	1003	1000	990	1003	1001	997	1003	998	1000	1001	1009	995	1006	999	993	
6050	992	1011	1006	1006	990	998	1006	1002	1006	989	1007	1008	995	1006	1002	1003	1000	990	1003	1001	997	1003	998	1000	1001	1009	995	1006	999	993	
6100	992	1011	1006	1006	990	998	1006	1002	1006	989	1007	1008	995	1006	1002	1003	1000	990	1003	1001	997	1003	998	1000	1001	1009	995	1006	999	993	
6150	992	1011	1006	1006	990	998	1006	1002	1006	989	1007	1008	995	1006	1002	1003	1000	990	1003	1001	997	1003	998	1000	1001	1009	995	1006	999	993	
6200	992	1011	1006	1006	990	998	1006	1002	1007	989	1007	1008	995	1006	1002	1003	1000	990	1003	1001	997	1003	998	1000	1001	1009	995	1006	999	993	
6250	992	1011	1006	1006	990	998	1006	1002	1007	989	1007	1008	995	1006	1002	1003	1000	990	1003	1001	997	1003	998	1000	1001	1009	995	1006	999	993	
6300	992	1011	1006	1007	990	998	1006	1002	1007	989	1007	1008	995	1006	1002	1003	1000	990	1003	1001	997	1003	998	1000	1001	1009	995	1006	999	993	
6350	992	1011	1006	1007	990	998	1006	1002	1007	989	1007	1008	995	1006	1002	1003	1000	990	1003	1001	997	1003	998	1000	1001	1009	995	1006	999	993	
6400	992	1011	1006	1008	990	998	1006	1002	1007	989	1007	1008	995	1006	1002	1003	1000	990	1003	1001	997	1003	998	1000	1001	1009	995	1006	999	993	
6450	992	1011	1006	1008	990	998	1006	1002	1007	989	1007	1008	995	1006	1002	1003	1000	990	1003	1001	997	1003	998	1000	1001	1009	995	1006	999	993	
6500	992	1011	1006	1008	990	998	1006	1002	1007	989	1007	1008	995	1006	1002	1003	1000	990	1003	1001	997	1003	998	1000	1001	1009	995	1006	999	993	
6550	992	1011	1006	1008	990	998	1006	1002	1007	989	1007	1008	995	1006	1002	1003	1000	990	1003	1001	997	1003	998	1000	1001	1009	995	1006	999	993	
6600	992	1011	1006	1008	990	998	1006	1002	1007	989	1007	1008	995	1006	1002	1003	1000	990	1003	1001	997	1003	998	1000	1001	1009	995	1006	999	993	
6650	992	1011	1006	1008	990	998	1006	1002	1007	989	1007	1008	995	1006	1002	1003	1000	990	1003	1001	997	1003	998	1000	1001	1009	995	1006	999	993	
6700	992	1011	1006	1008	990	998	1006	1002	1007	989	1007	1008	995	1006	1002	1003	1000	990	1003	1001	997	1003	998	1000	1001	1009	995	1006	999	993	
6750	992	1011	1006	1008	990	998	1006	1002	1007	989	1007	1008	995	1006	1002	1003	1000	990	1003	1001	997	1003	998	1000	1001	1009	995	1006	999	993	
6800	992	1011	1006	1008	990	998	1006	1002	1007	989	1007	1008	995	1006	1002	1003	1000	990	1003	1001	997	1003	998	1000	1001	1009	995	1006	999	993	
6850	992	1011	1006	1008	990	998	1006	1002	1007	989	1007	1008	995	1006	1002	1003	1000	990	1003	1001	997	1003	998	1000	1001	1009	995	1006	999	993	
6900	992	1011	1006	1008	990	998	1006	1002	1007	989	1007	1008	995	1006	1002	1003	1000	990	1003	1001	997	1003	998	1000	1001	1009	995	1006	999	993	
6950	992	1011	1006	1008	990	998	1006	1002	1007	989	1007	1008	995	1006	1002	1003	1000	990	1003	1001	997	1003	998	1000	1001	1009	995	1006	999	993	
7000	992	1011	1006	1008	990	998	1006	1002	1007	989	1007	1008	995	1006	1002	1003	1000	990	1003	1001	997	1003	998	1000	1001	1009	995	1006	999	993	
7050	992	1011	1006	1008	990	998	1006	1002	1007	989	1007	1008	995	1006	1002	1003	1000	990	1003	1001	997	1003	998	1000	1001	1009	995	1006	999	993	
7100	992	1011	1006	1008	990	998	1006	1002	1007	989	1007	1008	995	1006	1002	1003	1000	990	1003	1001	997	1003	998	1000	1001	1009	995	1006	999	993	
7150	992	1011	1006	1008	990	998	1006	1002	1007	989	1007	1008	995	1006	1002	1003	1000	990	1003	1001	997	1003	998	1000	1001	1009	995	1006	999	993	
7200	992	1011	1006	1008	990	998	1006	1002	1007	989	1007	1008	995	1006	1002	1003	1000	990	1003	1001	997	1003	998	1000	1001	1009	995	1006	999	993	
7250	992	1011	1006	1008	990	998	1006	1002	1007	989	1007	1008	995	1006	1002	1003	1000	990	1003	1001	997	1003	998	1000	1001	1009	995	1006	999	993	
7300	992	1011	1006	1008	990	998	1006	1002	1007	989	1007	1008	995	1006	1002	1003	1000	990	1003	1001	997	1003	998	1000	1001	1009	995	1006	999	993	
7350	992	1011	1006	1008	990	998	1006	1002	1007	989	1007	1008	995	1006	1002	1003	1000	990	1003	1001	997	1003	998	1000	1001	1009	995	1006	999	993	
7400	992	1011	1006	1008	990	998	1006	1002	1007	989	1008	1008	995	1006	1002	1003	1000	990	1003	1001	997	1003	998	1000	1001	1009	995	1006	999	993	
7450	992	1011	1006	1008	990	998	1006	1002	1007	989	1008	1008	995	1006	1002	1003	1000	990	1003	1001	997	1003	998	1000	1001	1009	995	1006	999	993	
7500	992	1011	1006	1008	990	998	1006	1002	1007	989	1008	1008	995	1006	1002	1003	1000	990	1003	1001	997	1003	998	1000	1001	1009	995	1006	999	993	
7550	992	1011	1006	1008	990	998	1006	1002	1007	989	1008	1008	995	1006	1002	1003	1000	990	1003	1001	997	1003	998	1000	1001	1009	995	1006	999	993	
7600	992	1011	1006	1008	990	998	1006	1002	1007	989	1008	1008	995	1006	1002	1003	1000	990	1003	1001	997	1003	998	1000	1001	1009	995	1006	999	993	
7650	992	1011	1006	1008	990	998	1006	1002	1007	989	1008	1008	995	1006	1002	1003	1000	990	1003	1001	997	1003	998	1000	1001	1009	995	1006	999	993	
7700	992	1011	1006	1008	990	998	1006	1002	1007	989	1008	1008	995	1006	1002	1003	1000	990	1003	1001	997	1003	998	1000	1001	1009	995	1006	999	993	
7750	992	1011	1006	1008	990	998	1006	1002	1007	989	1008	1008	995	1006	1002	1003	1000	990	1003	1001	997	1003	998	1000	1001	1009	995	1006	999	993	
7800	992	1011	1006	1008	990	998	1006	1002	1007	989	1008	1008	995	1006	1002	1003	1000	990	1003	1001	997	1003	998	1000	1001	1009	995	1006	999	993	
7850	992	1011	1006	1008	990	998	1006	1002	1007	989	1008	1008	995	1006	1002	1003	1000	990	1003	1001	997	1003	998	1000	1001	1009	995	1006	999	993	
7900	992	1011	1006	1008	990	998	1006	1002	1007	989	1008	1008	995	1006	1002	1003	1000	990	1003	1001	997	1003	998	1000	1001	1009	995	1006	999	993	
7950	992	1011	1006	1008	990	998	1006	1002	1007	989	1008	1008	995	1006	1002	1003	1000	990	1003	1001	997	1003	998	1000	1001	1009	995	1006	999	993	
8000	992	1011	1006	1008	990	998	1006	1002	1007	989	1008	1008	995	1006	1002	1003	1000	990	1003	1001	997	1003	998	1000	1001	1009	995	1006	999	993	
8050	992	1011	1006	1008	990	998	1006	1002	1007	989	1008	1008	995	1006	1002	1003	1000	990	1003	1001	997	1003	998	1000	1001	1009	995	1006	999	993	
8100	992	1011	1006	1008	990	998	1006	1002	1007	989	1008	1008	995	1006	1002	1003	1000	990	1003	1001	997	1003	998	1000	1001	1009	995	1006	999	993	
8150	992	1011	1006	1008	990	998	1006	1002	1007	989	1008	1008	995	1006	1002	1003	1000	990	1003	1001	997	1003	998	1000	1001	1009	995	1006	999	993	
8200	992	1011	1006	1008	990	998	1006	1002	1007	989	1008	1008	995	1006	1002	1003	1000	990	1003	1001	997	1003	998	1000	1001	1009	995	1006	999	993	
8250	992	1011	1006	1008	990	998	1006	1002	1007	989	1008	1008	995	1006	1002	1003	1000	990	1003	1001	997	1003	998	1000	1001	1009	995	1006	999	993	
8300	992	1011	1006	1008	990	998	1006	1002	1007	989	1008	1008	995	1006	1002	1003	1000	990	1003	1001	997	1003	998	1000	1001	1009	995	1006	999	993	
8350	992	1011	1006	1008	990	998	1006	1002	1007	989	1008	1008	995	1006	1002	1003	1000	990	1003	1001	997	1003	998	1000	1001	1009	995	1006	999	993	
8400	992	1011	1006	1008	990	998	1006	1002	1007	989	1008	1008	995	1006	1002	1003	1000	990	1003	1001	997	1003	998	1000	1001	1009	995	1006	999	993	
8450	992	1011	1006	1008	990	998	1006	1002	1007	989	1008	1008	995	1006	1002	1003	1000	990	1003	1001	997	1003	998	1000	1001	1009	995	1006	999	993	
8500	992	1011	1006	1008	990	998	1006	1002	1007	989	1008	1008	995	1006	1002	1003	1000	990	1003	1001	997	1003	998	1000	1001	1009	995	1006	999	993	
8550	992	1011	1006	1008	990	998	1006	1002	1007	989	1008	1008	995	1006	1002	1003	1000	990	1003	1001	997	1003	998	1000	1001	1009	995	1006	999	993	
8600	992	1011	1006	1008	990	998	1006	1002	1007	989	1008	1008	995	1006	1002	1003	1000	990	1003	1001	997	1003	998	1000	1001	1009	995	1006	999	993	
8650	992	1011	1006	1008	990	998	1006	1002	1007	989	1008	1008	995	1006	1002	1003	1000	990	1003	1001	997	1003	998	1000	1001	1009	995	1006	999	993	
8700	992	1011	1006	1008	990	998	1006	1002	1007	989	1008	1008	995	1006	1002	1003	1000	990	1003	1001	997	1003	998	1000	1001	1009	995	1006	999	993	
8750	992	1011	1006	1008	990	998	1006	1002	1007	989	1008	1008	995	1006	1002	1003	1000	990	1003	1001	997	1003	998	1000	1001	1009	995	1006	999	993	
8800	992	1011	1006	1008	990	998	1006	1002	1007	989	1008	1008	995	1006	1002	1003	1000	990	1003	1001	997	1003	998	1000	1001	1009	995	1006	999	993	
8850	992	1011	1006	1008	990	998	1006	1002	1007	989	1008	1008	995	1006	1002	1003	1000	990	1003	1001	997	1003	998	1000	1001	1009	995	1006	999	993	
8900	992	1011	1006	1008	990	998	1006	1002	1007	989	1008	1008	995	1006	1002	1003	1000	990	1003	1001	997	1003	998	1000	1001	1009	995	1006	999	993	
8950	992	1011	1006	1008	990	998	1006	1002	1007	989	1008	1008	995	1006	1002	1003	1000	990	1003	1001	997	1003	998	1000	1001	1009	995	1006	999	993	
9000	992	1011	1006	1008	990	998	1006	1002	1007	989	1008	1008	995	1006	1002	1003	1000	990	1003	1001	997	1003	998	1000	1001	1009	995	1006	999	993	
9050	992	1011	1006	1008	990	998	1006	1002	1007	989	1008	1008	995	1006	1002	1003	1000	990	1003	1001	997	1003	998	1000	1001	1009	995	1006	999	993	
9100	992	1011	1006	1008	990	998	1006	1002	1007	989	1008	1008	995	1006	1002	1003	1000	990	1003	1001	997	1003	998	1000	1001	1009	995	1006	999	993	
9150	992	1011	1006	1008	990	998	1006	1002	1007	989	1008	1008	995	1006	1002	1003	1000	990	1003	1001	997	1003	998	1000	1001	1009	995	1006	999	993	
9200	992	1011	1006	1008	990	998	1006	1002	1007	989	1008	1008	995	1006	1002	1003	1000	990	1003	1001	997	1003	998	1000	1001	1009	995	1006	999	993	
9250	992	1011	1006	1008	990	998	1006	1002	1007	989	1008	1008	995	1006	1002	1003	1000	990	1003	1001	997	1003	998	1000	1001	1009	995	1006	999	993	
9300	992	1011	1006	1008	990	998	1006	1002	1007	989	1008	1008	995	1006	1002	1003	1000	990	1003	1001	997	1003	998	1000	1001	1009	995	1006	999	993	
9350	992	1011	1006	1008	990	998	1006	1002	1007	989	1008	1008	995	1006	1002	1003	1000	990	1003	1001	997	1003	998	1000	1001	1009	995	1006	999	993	
9400	992	1011	1006	1008	990	998	1006	1002	1007	989	1008	1008	995	1006	1002	1003	1000	990	1003	1001	997	1003	998	1000	1001	1009	995	1006	999	993	
9450	992	1011	1006	1008	990	998	1006	1002	1007	989	1008	1008	995	1006	1002	1003	1000	990	1003	1001	997	1003	998	1000	1001	1009	995	1006	999	993	
9500	992	1011	1006	1008	990	998	1006	1002	1007	989	1008	1008	995	1006	1002	1003	1000	990	1003	1001	997	1003	998	1000	1001	1009	995	1006	999	993	
9550	992	1011	1006	1008	990	998	1006	1002	1007	989	1008	1008	995	1006	1002	1003	1000	990	1003	1001	997	1003	998	1000	1001	1009	995	1006	999	993	
9600	992	1011	1006	1008	990	998	1006	1002	1007	989	1008	1008	995	1006	1002	1003	1000	990	1003	1001	997	1003	998	1000	1001	1009	995	1006	999	993	
9650	992	1011	1006	1008	990	998	1006	1002	1007	989	1008	1008	995	1006	1002	1003	1000	990	1003	1001	997	1003	998	1000	1001	1009	995	1006	999	993	
9700	992	1011	1006	1008	990	998	1006	1002	1007	989	1008	1008	995	1006	1002	1003	1000	990	1003	1001	997	1003	998	1000	1001	1009	995	1006	999	993	
9750	992	1011	1006	1008	990	998	1006	1002	1007	989	1008	1008	995	1006	1002	1003	1000	990	1003	1001	997	1003	998	1000	1001	1009	995	1006	999	993	
9800	992	1011	1006	1008	990	998	1006	1002	1007	989	1008	1008	995	1006	1002	1003	1000	990	1003	1001	997	1003	998	1000	1001	1009	995	1006	999	993	
9850	992	1011	1006	1008	990	998	1006	1002	1007	989	1008	1008	995	1006	1002	1003	1000	990	1003	1001	997	1003	998	1000	1001	1009	995	1006	999	993	
9900	992	1011	1006	1008	990	998	1006	1002	1007	989	1008	1008	995	1006	1002	1003	1000	990	1003	1001	997	1003	998	1000	1001	1009	995	1006	999	993	
9950	992	1011	1006	1008	990	998	1006	1002	1007	989	1008	1008	995	1006	1002	1003	1000	990	1003	1001	997	1003	998	1000	1001	1009	995	1006	999	993	
10000	992	1011	1006	1008	990	998	1006	1002	1007	989	1008	1008	995	1006	1002	1003	1000	990	1003	1001	997	1003	998	1000	1001	1009	995	1006	999	993	


Evals | 1 2 3 ... BEST
150	957	964	954	964	957	961	959	955	954	955	955	959	961	957	955	956	959	958	959	958	962	952	955	966	964	961	952	959	956	958	
200	957	964	954	964	957	961	959	955	955	955	955	959	961	957	955	964	959	958	959	958	962	953	955	966	964	961	956	959	956	958	
250	957	964	954	964	958	961	959	955	955	962	955	959	961	957	955	970	959	958	959	958	962	956	955	966	964	961	956	959	956	958	
300	957	964	954	964	958	961	959	955	955	962	955	959	961	957	955	970	962	958	959	958	962	956	965	966	964	961	961	959	964	958	
350	957	966	957	964	958	961	959	955	955	962	955	959	961	957	957	970	962	958	959	958	962	956	965	966	964	961	961	959	964	958	
400	957	966	962	965	960	961	959	956	956	962	963	959	965	961	957	976	962	958	959	958	962	956	965	966	964	961	961	959	964	958	
450	957	966	962	965	960	962	959	956	962	965	967	960	965	964	961	976	962	958	959	958	962	956	965	966	964	961	961	964	964	961	
500	957	966	962	969	963	962	959	958	970	965	967	961	965	964	962	976	968	958	961	958	962	959	965	966	972	961	962	964	964	961	
550	957	966	962	969	963	963	962	963	970	965	967	961	965	966	962	976	969	971	961	961	962	963	966	968	972	961	962	964	964	961	
600	958	966	963	969	963	963	967	963	970	969	971	964	965	966	963	976	969	971	961	961	962	963	966	968	972	961	962	964	964	961	
650	959	966	968	969	963	964	967	967	974	976	971	964	965	966	963	976	969	971	961	961	965	966	966	968	972	961	965	972	964	961	
700	959	966	973	971	963	965	967	967	974	976	974	965	974	971	970	976	971	971	961	962	969	968	966	968	972	965	965	978	964	963	
750	966	966	973	972	964	969	969	967	974	977	975	965	974	971	970	976	971	971	975	963	973	968	966	968	972	965	966	978	964	963	
800	972	971	977	972	972	969	969	967	976	977	975	966	974	972	970	976	971	971	975	963	973	968	966	972	972	965	968	978	966	972	
850	977	971	979	972	972	971	969	972	976	977	975	966	974	972	970	976	971	971	975	965	973	968	967	972	972	966	971	978	967	972	
900	977	978	979	972	972	971	969	972	976	977	975	970	974	974	970	978	974	971	975	965	973	970	968	972	972	973	971	978	967	972	
950	977	978	979	974	972	971	972	973	976	977	975	970	974	975	970	978	974	972	975	968	973	975	968	973	972	973	971	978	967	972	
1000	977	978	979	974	972	977	972	973	976	978	975	970	974	977	970	981	979	972	975	968	973	978	970	974	972	973	974	978	974	972	
1050	977	982	979	974	972	980	974	973	976	978	981	974	974	978	977	983	979	972	975	972	974	978	970	974	975	973	974	980	974	972	
1100	977	982	979	978	975	980	974	975	979	979	982	974	974	978	983	983	979	975	976	973	974	978	971	974	975	974	975	983	974	972	
1150	977	982	979	978	975	980	974	976	979	981	985	974	974	980	983	983	980	975	976	973	974	978	971	979	975	975	975	983	974	972	
1200	977	982	979	978	977	980	974	977	979	981	985	974	974	980	983	983	980	975	976	973	974	980	974	979	975	980	975	985	979	972	
1250	977	982	979	978	977	980	979	977	980	984	985	974	977	981	983	985	980	978	980	973	974	980	974	979	975	980	975	985	979	972	
1300	977	982	979	982	979	980	979	977	987	984	985	974	977	983	984	986	980	978	980	973	976	980	974	979	975	980	975	985	979	972	
1350	979	982	979	985	979	980	979	977	987	984	989	974	977	984	984	990	984	978	980	974	976	980	981	980	976	980	975	985	979	973	
1400	980	984	980	985	979	980	979	978	987	984	989	976	977	984	984	990	987	978	984	974	977	984	981	980	976	980	982	986	979	976	
1450	982	990	981	985	983	980	979	978	987	984	989	976	977	984	987	990	987	978	984	980	977	984	981	980	976	982	982	988	979	976	
1500	982	990	984	988	983	980	979	978	990	985	989	977	977	985	987	994	987	978	984	980	981	984	981	982	980	982	983	988	979	976	
1550	983	990	984	988	983	980	979	978	990	985	989	978	978	985	987	994	988	978	984	980	981	984	981	982	982	982	983	988	979	979	
1600	983	992	984	988	983	980	979	978	992	985	992	978	978	985	988	994	993	978	985	982	981	984	986	982	982	983	983	988	979	981	
1650	983	992	988	988	983	984	980	980	992	985	993	978	978	985	988	994	993	980	985	982	981	984	986	982	982	984	983	988	982	983	
1700	984	992	988	988	983	984	980	984	992	985	993	978	978	985	990	994	993	980	985	982	981	987	986	982	982	985	983	989	982	987	
1750	984	992	988	988	983	984	983	984	992	987	993	979	978	989	990	994	993	980	985	984	981	989	986	985	982	985	983	989	985	987	
1800	984	992	988	989	983	984	984	984	992	988	993	983	981	989	990	994	993	980	986	984	983	989	986	988	982	989	987	989	985	987	
1850	984	992	988	992	983	984	984	984	994	988	993	983	981	989	990	995	994	980	986	984	983	989	986	988	985	989	987	989	985	987	
1900	984	992	988	992	984	984	985	984	994	988	995	983	981	991	990	995	994	981	989	984	985	989	989	989	985	989	988	989	989	987	
1950	985	993	989	992	985	984	988	984	994	988	996	984	981	991	993	995	994	981	989	984	985	991	989	991	985	989	988	989	989	987	
2000	985	993	990	993	985	984	988	984	995	988	996	984	981	991	993	997	994	984	989	984	985	991	989	995	988	989	988	991	989	987	
2050	987	993	993	993	985	984	988	984	997	989	998	984	982	991	993	997	995	984	991	985	985	991	989	995	988	994	988	994	991	987	
2100	987	996	993	994	985	984	988	984	1000	989	998	984	982	992	993	997	995	985	991	985	985	992	991	995	988	994	988	994	991	988	
2150	987	999	993	994	985	988	989	984	1000	989	998	986	982	995	994	997	995	985	991	985	987	992	992	995	988	994	988	994	991	988	
2200	987	999	993	1001	985	988	989	986	1000	989	998	986	982	995	995	997	996	985	991	985	988	992	992	995	990	997	988	994	991	989	
2250	987	999	994	1001	987	988	990	986	1000	989	998	989	982	995	998	997	996	986	991	986	988	992	992	995	990	997	988	994	991	989	
2300	988	999	994	1001	987	988	990	986	1000	989	999	989	982	995	998	998	996	986	991	986	988	994	992	996	992	997	990	996	993	989	
2350	988	999	994	1001	987	988	991	988	1000	989	999	992	984	995	998	999	998	986	991	986	988	994	992	996	992	997	990	996	993	991	
2400	988	999	994	1002	987	991	991	988	1000	989	999	992	984	995	998	999	998	986	991	986	988	994	992	996	992	997	991	996	993	991	
2450	988	999	994	1002	987	991	995	989	1000	989	1000	993	984	995	1000	1000	998	986	991	986	988	995	993	996	993	997	992	996	993	991	
2500	988	1001	995	1002	987	991	995	989	1000	989	1000	993	984	1001	1000	1000	998	986	993	986	989	995	994	996	993	998	992	998	993	991	
2550	988	1001	996	1002	989	993	995	989	1002	989	1000	994	984	1001	1000	1000	998	987	993	987	989	998	995	996	993	999	992	998	993	991	
2600	991	1001	997	1002	989	993	996	990	1002	989	1000	994	984	1001	1000	1001	999	988	993	989	989	998	995	997	993	999	992	998	994	993	
2650	991	1002	997	1002	989	993	996	992	1002	989	1000	994	984	1001	1000	1001	999	988	994	989	990	998	996	999	994	1000	992	998	994	993	
2700	991	1002	998	1002	989	994	998	992	1002	989	1000	996	984	1001	1000	1001	1000	988	994	989	990	998	996	999	994	1000	992	998	994	993	
2750	991	1002	998	1002	989	994	998	993	1002	989	1000	998	984	1001	1002	1001	1000	988	994	991	990	998	996	999	994	1000	992	1001	995	993	
2800	991	1002	998	1002	989	994	999	993	1002	989	1001	1001	987	1001	1002	1002	1000	988	994	991	991	998	996	999	994	1002	992	1001	995	993	
2850	991	1002	1000	1003	989	995	999	993	1003	989	1001	1001	987	1001	1002	1002	1000	988	994	991	991	998	996	999	997	1002	992	1001	995	993	
2900	991	1002	1000	1003	989	995	999	993	1003	989	1002	1001	987	1002	1002	1002	1000	989	998	993	991	998	996	999	997	1002	994	1001	997	993	
2950	991	1003	1000	1003	989	995	999	993	1003	989	1003	1001	987	1003	1002	1002	1000	990	998	993	991	998	996	999	997	1002	994	1001	997	993	
3000	991	1005	1000	1004	989	995	999	993	1003	989	1003	1001	987	1003	1002	1002	1000	990	998	993	991	998	997	999	997	1002	994	1001	997	993	
3050	991	1006	1000	1004	989	995	999	993	1003	989	1003	1001	988	1003	1002	1002	1000	990	998	993	991	998	997	999	997	1002	994	1002	997	993	
3100	991	1006	1001	1004	989	996	1000	993	1003	989	1003	1001	988	1003	1002	1002	1000	990	999	993	991	998	997	999	997	1003	994	1003	997	993	
3150	991	1006	1001	1005	989	996	1002	993	1003	989	1004	1002	989	1003	1002	1002	1000	990	1000	993	991	998	997	999	998	1003	994	1003	997	993	
3200	992	1006	1001	1005	989	996	1002	994	1003	989	1004	1003	990	1004	1002	1002	1000	990	1001	993	993	999	997	999	998	1004	994	1003	997	993	
3250	992	1007	1001	1005	990	996	1002	994	1003	989	1005	1003	990	1005	1002	1002	1000	990	1001	994	993	999	997	999	1001	1004	994	1003	997	993	
3300	992	1007	1001	1005	990	996	1002	996	1003	989	1005	1003	990	1005	1002	1003	1000	990	1001	995	993	1000	997	999	1001	1005	994	1003	997	993	
3350	992	1007	1001	1005	990	996	1002	996	1004	989	1005	1003	990	1005	1002	1003	1000	990	1001	995	993	1001	997	999	1001	1005	994	1003	997	993	
3400	992	1007	1001	1005	990	996	1002	997	1004	989	1005	1003	990	1005	1002	1003	1000	990	1001	996	995	1001	997	999	1001	1005	994	1003	998	993	
3450	992	1007	1003	1005	990	996	1004	997	1004	989	1006	1004	990	1005	1002	1003	1000	990	1001	998	995	1001	997	999	1001	1005	994	1003	998	993	
3500	992	1007	1004	1006	990	996	1004	997	1004	989	1006	1004	991	1006	1002	1003	1000	990	1002	998	995	1001	997	999	1001	1005	994	1003	999	993	
3550	992	1008	1004	1006	990	996	1004	998	1004	989	1006	1004	991	1006	1002	1003	1000	990	1002	998	995	1001	997	999	1001	1007	994	1003	999	993	
3600	992	1008	1004	1006	990	996	1004	998	1004	989	1006	1004	993	1006	1002	1003	1000	990	1002	998	995	1001	997	999	1001	1007	994	1003	999	993	
3650	992	1009	1004	1006	990	997	1004	998	1004	989	1006	1004	993	1006	1002	1003	1000	990	1003	998	995	1001	997	999	1001	1007	994	1005	999	993	
3700	992	1009	1004	1006	990	997	1004	998	1004	989	1007	1005	993	1006	1002	1003	1000	990	1003	998	995	1001	997	999	1001	1007	994	1006	999	993	
3750	992	1009	1004	1006	990	997	1004	998	1004	989	1007	1005	993	1006	1002	1003	1000	990	1003	998	996	1002	997	999	1001	1007	994	1006	999	993	
3800	992	1009	1004	1006	990	997	1004	998	1005	989	1007	1005	993	1006	1002	1003	1000	990	1003	998	996	1002	997	999	1001	1007	995	1006	999	993	
3850	992	1009	1004	1006	990	997	1004	998	1005	989	1007	1005	994	1006	1002	1003	1000	990	1003	998	996	1002	998	999	1001	1007	995	1006	999	993	
3900	992	1011	1004	1006	990	997	1004	999	1005	989	1007	1005	994	1006	1002	1003	1000	990	1003	998	996	1002	998	999	1001	1007	995	1006	999	993	
3950	992	1011	1004	1006	990	997	1004	999	1005	989	1007	1005	994	1006	1002	1003	1000	990	1003	998	996	1002	998	999	1001	1007	995	1006	999	993	
4000	992	1011	1005	1006	990	997	1004	1000	1005	989	1007	1005	994	1006	1002	1003	1000	990	1003	1000	996	1002	998	999	1001	1009	995	1006	999	993	
4050	992	1011	1005	1006	990	997	1004	1000	1005	989	1007	1005	995	1006	1002	1003	1000	990	1003	1000	996	1002	998	999	1001	1009	995	1006	999	993	
4100	992	1011	1005	1006	990	997	1004	1000	1005	989	1007	1005	995	1006	1002	1003	1000	990	1003	1000	996	1002	998	999	1001	1009	995	1006	999	993	
4150	992	1011	1005	1006	990	997	1005	1000	1005	989	1007	1005	995	1006	1002	1003	1000	990	1003	1000	997	1002	998	999	1001	1009	995	1006	999	993	
4200	992	1011	1005	1006	990	997	1005	1001	1005	989	1007	1005	995	1006	1002	1003	1000	990	1003	1001	997	1002	998	999	1001	1009	995	1006	999	993	
4250	992	1011	1005	1006	990	997	1005	1001	1005	989	1007	1005	995	1006	1002	1003	1000	990	1003	1001	997	1002	998	999	1001	1009	995	1006	999	993	
4300	992	1011	1005	1006	990	997	1005	1001	1005	989	1007	1006	995	1006	1002	1003	1000	990	1003	1001	997	1003	998	999	1001	1009	995	1006	999	993	
4350	992	1011	1005	1006	990	997	1006	1001	1005	989	1007	1006	995	1006	1002	1003	1000	990	1003	1001	997	1003	998	999	1001	1009	995	1006	999	993	
4400	992	1011	1005	1006	990	997	1006	1001	1005	989	1007	1006	995	1006	1002	1003	1000	990	1003	1001	997	1003	998	999	1001	1009	995	1006	999	993	
4450	992	1011	1005	1006	990	997	1006	1002	1005	989	1007	1006	995	1006	1002	1003	1000	990	1003	1001	997	1003	998	999	1001	1009	995	1006	999	993	
4500	992	1011	1005	1006	990	997	1006	1002	1006	989	1007	1006	995	1006	1002	1003	1000	990	1003	1001	997	1003	998	999	1001	1009	995	1006	999	993	
4550	992	1011	1005	1006	990	998	1006	1002	1006	989	1007	1006	995	1006	1002	1003	1000	990	1003	1001	997	1003	998	999	1001	1009	995	1006	999	993	
4600	992	1011	1005	1006	990	998	1006	1002	1006	989	1007	1006	995	1006	1002	1003	1000	990	1003	1001	997	1003	998	999	1001	1009	995	1006	999	993	
4650	992	1011	1005	1006	990	998	1006	1002	1006	989	1007	1006	995	1006	1002	1003	1000	990	1003	1001	997	1003	998	999	1001	1009	995	1006	999	993	
4700	992	1011	1005	1006	990	998	1006	1002	1006	989	1007	1007	995	1006	1002	1003	1000	990	1003	1001	997	1003	998	999	1001	1009	995	1006	999	993	
4750	992	1011	1005	1006	990	998	1006	1002	1006	989	1007	1007	995	1006	1002	1003	1000	990	1003	1001	997	1003	998	1000	1001	1009	995	1006	999	993	
4800	992	1011	1006	1006	990	998	1006	1002	1006	989	1007	1007	995	1006	1002	1003	1000	990	1003	1001	997	1003	998	1000	1001	1009	995	1006	999	993	
4850	992	1011	1006	1006	990	998	1006	1002	1006	989	1007	1007	995	1006	1002	1003	1000	990	1003	1001	997	1003	998	1000	1001	1009	995	1006	999	993	
4900	992	1011	1006	1006	990	998	1006	1002	1006	989	1007	1007	995	1006	1002	1003	1000	990	1003	1001	997	1003	998	1000	1001	1009	995	1006	999	993	
4950	992	1011	1006	1006	990	998	1006	1002	1006	989	1007	1007	995	1006	1002	1003	1000	990	1003	1001	997	1003	998	1000	1001	1009	995	1006	999	993	
5000	992	1011	1006	1006	990	998	1006	1002	1006	989	1007	1007	995	1006	1002	1003	1000	990	1003	1001	997	1003	998	1000	1001	1009	995	1006	999	993	
5050	992	1011	1006	1006	990	998	1006	1002	1006	989	1007	1007	995	1006	1002	1003	1000	990	1003	1001	997	1003	998	1000	1001	1009	995	1006	999	993	
5100	992	1011	1006	1006	990	998	1006	1002	1006	989	1007	1007	995	1006	1002	1003	1000	990	1003	1001	997	1003	998	1000	1001	1009	995	1006	999	993	
5150	992	1011	1006	1006	990	998	1006	1002	1006	989	1007	1007	995	1006	1002	1003	1000	990	1003	1001	997	1003	998	1000	1001	1009	995	1006	999	993	
5200	992	1011	1006	1006	990	998	1006	1002	1006	989	1007	1007	995	1006	1002	1003	1000	990	1003	1001	997	1003	998	1000	1001	1009	995	1006	999	993	
5250	992	1011	1006	1006	990	998	1006	1002	1006	989	1007	1007	995	1006	1002	1003	1000	990	1003	1001	997	1003	998	1000	1001	1009	995	1006	999	993	
5300	992	1011	1006	1006	990	998	1006	1002	1006	989	1007	1007	995	1006	1002	1003	1000	990	1003	1001	997	1003	998	1000	1001	1009	995	1006	999	993	
5350	992	1011	1006	1006	990	998	1006	1002	1006	989	1007	1007	995	1006	1002	1003	1000	990	1003	1001	997	1003	998	1000	1001	1009	995	1006	999	993	
5400	992	1011	1006	1006	990	998	1006	1002	1006	989	1007	1008	995	1006	1002	1003	1000	990	1003	1001	997	1003	998	1000	1001	1009	995	1006	999	993	
5450	992	1011	1006	1006	990	998	1006	1002	1006	989	1007	1008	995	1006	1002	1003	1000	990	1003	1001	997	1003	998	1000	1001	1009	995	1006	999	993	
5500	992	1011	1006	1006	990	998	1006	1002	1007	989	1007	1008	995	1006	1002	1003	1000	990	1003	1001	997	1003	998	1000	1001	1009	995	1006	999	993	
5550	992	1011	1006	1008	990	998	1006	1002	1007	989	1007	1008	995	1006	1002	1003	1000	990	1003	1001	997	1003	998	1000	1001	1009	995	1006	999	993	
5600	992	1011	1006	1008	990	998	1006	1002	1007	989	1007	1008	995	1006	1002	1003	1000	990	1003	1001	997	1003	998	1000	1001	1009	995	1006	999	993	
5650	992	1011	1006	1008	990	998	1006	1002	1007	989	1007	1008	995	1006	1002	1003	1000	990	1003	1001	997	1003	998	1000	1001	1009	995	1006	999	993	
5700	992	1011	1006	1008	990	998	1006	1002	1007	989	1007	1008	995	1006	1002	1003	1000	990	1003	1001	997	1003	998	1000	1001	1009	995	1006	999	993	
5750	992	1011	1006	1008	990	998	1006	1002	1007	989	1007	1008	995	1006	1002	1003	1000	990	1003	1001	997	1003	998	1000	1001	1009	995	1006	999	993	
5800	992	1011	1006	1008	990	998	1006	1002	1007	989	1007	1008	995	1006	1002	1003	1000	990	1003	1001	997	1003	998	1000	1001	1009	995	1006	999	993	
5850	992	1011	1006	1008	990	998	1006	1002	1007	989	1007	1008	995	1006	1002	1003	1000	990	1003	1001	997	1003	998	1000	1001	1009	995	1006	999	993	
5900	992	1011	1006	1008	990	998	1006	1002	1007	989	1007	1008	995	1006	1002	1003	1000	990	1003	1001	997	1003	998	1000	1001	1009	995	1006	999	993	
5950	992	1011	1006	1008	990	998	1006	1002	1007	989	1007	1008	995	1006	1002	1003	1000	990	1003	1001	997	1003	998	1000	1001	1009	995	1006	999	993	
6000	992	1011	1006	1008	990	998	1006	1002	1007	989	1007	1008	995	1006	1002	1003	1000	990	1003	1001	997	1003	998	1000	1001	1009	995	1006	999	993	
6050	992	1011	1006	1008	990	998	1006	1002	1007	989	1007	1008	995	1006	1002	1003	1000	990	1003	1001	997	1003	998	1000	1001	1009	995	1006	999	993	
6100	992	1011	1006	1008	990	998	1006	1002	1007	989	1007	1008	995	1006	1002	1003	1000	990	1003	1001	997	1003	998	1000	1001	1009	995	1006	999	993	
6150	992	1011	1006	1008	990	998	1006	1002	1007	989	1007	1008	995	1006	1002	1003	1000	990	1003	1001	997	1003	998	1000	1001	1009	995	1006	999	993	
6200	992	1011	1006	1008	990	998	1006	1002	1007	989	1007	1008	995	1006	1002	1003	1000	990	1003	1001	997	1003	998	1000	1001	1009	995	1006	999	993	
6250	992	1011	1006	1008	990	998	1006	1002	1007	989	1007	1008	995	1006	1002	1003	1000	990	1003	1001	997	1003	998	1000	1001	1009	995	1006	999	993	
6300	992	1011	1006	1008	990	998	1006	1002	1007	989	1007	1008	995	1006	1002	1003	1000	990	1003	1001	997	1003	998	1000	1001	1009	995	1006	999	993	
6350	992	1011	1006	1008	990	998	1006	1002	1007	989	1007	1008	995	1006	1002	1003	1000	990	1003	1001	997	1003	998	1000	1001	1009	995	1006	999	993	
6400	992	1011	1006	1008	990	998	1006	1002	1007	989	1007	1008	995	1006	1002	1003	1000	990	1003	1001	997	1003	998	1000	1001	1009	995	1006	999	993	
6450	992	1011	1006	1008	990	998	1006	1002	1007	989	1007	1008	995	1006	1002	1003	1000	990	1003	1001	997	1003	998	1000	1001	1009	995	1006	999	993	
6500	992	1011	1006	1008	990	998	1006	1002	1007	989	1007	1008	995	1006	1002	1003	1000	990	1003	1001	997	1003	998	1000	1001	1009	995	1006	999	993	
6550	992	1011	1006	1008	990	998	1006	1002	1007	989	1007	1008	995	1006	1002	1003	1000	990	1003	1001	997	1003	998	1000	1001	1009	995	1006	999	993	
6600	992	1011	1006	1008	990	998	1006	1002	1007	989	1007	1008	995	1006	1002	1003	1000	990	1003	1001	997	1003	998	1000	1001	1009	995	1006	999	993	
6650	992	1011	1006	1008	990	998	1006	1002	1007	989	1007	1008	995	1006	1002	1003	1000	990	1003	1001	997	1003	998	1000	1001	1009	995	1006	999	993	
6700	992	1011	1006	1008	990	998	1006	1002	1007	989	1007	1008	995	1006	1002	1003	1000	990	1003	1001	997	1003	998	1000	1001	1009	995	1006	999	993	
6750	992	1011	1006	1008	990	998	1006	1002	1007	989	1008	1008	995	1006	1002	1003	1000	990	1003	1001	997	1003	998	1000	1001	1009	995	1006	999	993	
6800	992	1011	1006	1008	990	998	1006	1002	1007	989	1008	1008	995	1006	1002	1003	1000	990	1003	1001	997	1003	998	1000	1001	1009	995	1006	999	993	
6850	992	1011	1006	1008	990	998	1006	1002	1007	989	1008	1008	995	1006	1002	1003	1000	990	1003	1001	997	1003	998	1000	1001	1009	995	1006	999	993	
6900	992	1011	1006	1008	990	998	1006	1002	1007	989	1008	1008	995	1006	1002	1003	1000	990	1003	1001	997	1003	998	1000	1001	1009	995	1006	999	993	
6950	992	1011	1006	1008	990	998	1006	1002	1007	989	1008	1008	995	1006	1002	1003	1000	990	1003	1001	997	1003	998	1000	1001	1009	995	1006	999	993	
7000	992	1011	1006	1008	990	998	1006	1002	1007	989	1008	1008	995	1006	1002	1003	1000	990	1003	1001	997	1003	998	1000	1001	1009	995	1006	999	993	
7050	992	1011	1006	1008	990	998	1006	1002	1007	989	1008	1008	995	1006	1002	1003	1000	990	1003	1001	997	1003	998	1000	1001	1009	995	1006	999	993	
7100	992	1011	1006	1008	990	998	1006	1002	1007	989	1008	1008	995	1006	1002	1003	1000	990	1003	1001	997	1003	998	1000	1001	1009	995	1006	999	993	
7150	992	1011	1006	1008	990	998	1006	1002	1007	989	1008	1008	995	1006	1002	1003	1000	990	1003	1001	997	1003	998	1000	1001	1009	995	1006	999	993	
7200	992	1011	1006	1008	990	998	1006	1002	1007	989	1008	1008	995	1006	1002	1003	1000	990	1003	1001	997	1003	998	1000	1001	1009	995	1006	999	993	
7250	992	1011	1006	1008	990	998	1006	1002	1007	989	1008	1008	995	1006	1002	1003	1000	990	1003	1001	997	1003	998	1000	1001	1009	995	1006	999	993	
7300	992	1011	1006	1008	990	998	1006	1002	1007	989	1008	1008	995	1006	1002	1003	1000	990	1003	1001	997	1003	998	1000	1001	1009	995	1006	999	993	
7350	992	1011	1006	1008	990	998	1006	1002	1007	989	1008	1008	995	1006	1002	1003	1000	990	1003	1001	997	1003	998	1000	1001	1009	995	1006	999	993	
7400	992	1011	1006	1008	990	998	1006	1002	1007	989	1008	1008	995	1006	1002	1003	1000	990	1003	1001	997	1003	998	1000	1001	1009	995	1006	999	993	
7450	992	1011	1006	1008	990	998	1006	1002	1007	989	1008	1008	995	1006	1002	1003	1000	990	1003	1001	997	1003	998	1000	1001	1009	995	1006	999	993	
7500	992	1011	1006	1008	990	998	1006	1002	1007	989	1008	1008	995	1006	1002	1003	1000	990	1003	1001	997	1003	998	1000	1001	1009	995	1006	999	993	
7550	992	1011	1006	1008	990	998	1006	1002	1007	989	1008	1008	995	1006	1002	1003	1000	990	1003	1001	997	1003	998	1000	1001	1009	995	1006	999	993	
7600	992	1011	1006	1008	990	998	1006	1002	1007	989	1008	1008	995	1006	1002	1003	1000	990	1003	1001	997	1003	998	1000	1001	1009	995	1006	999	993	
7650	992	1011	1006	1008	990	998	1006	1002	1007	989	1008	1008	995	1006	1002	1003	1000	990	1003	1001	997	1003	998	1000	1001	1009	995	1006	999	993	
7700	992	1011	1006	1008	990	998	1006	1002	1007	989	1008	1008	995	1006	1002	1003	1000	990	1003	1001	997	1003	998	1000	1001	1009	995	1006	999	993	
7750	992	1011	1006	1008	990	998	1006	1002	1007	989	1008	1008	995	1006	1002	1003	1000	990	1003	1001	997	1003	998	1000	1001	1009	995	1006	999	993	
7800	992	1011	1006	1008	990	998	1006	1002	1007	989	1008	1008	995	1006	1002	1003	1000	990	1003	1001	997	1003	998	1000	1001	1009	995	1006	999	993	
7850	992	1011	1006	1008	990	998	1006	1002	1007	989	1008	1008	995	1006	1002	1003	1000	990	1003	1001	997	1003	998	1000	1001	1009	995	1006	999	993	
7900	992	1011	1006	1008	990	998	1006	1002	1007	989	1008	1008	995	1006	1002	1003	1000	990	1003	1001	997	1003	998	1000	1001	1009	995	1006	999	993	
7950	992	1011	1006	1008	990	998	1006	1002	1007	989	1008	1008	995	1006	1002	1003	1000	990	1003	1001	997	1003	998	1000	1001	1009	995	1006	999	993	
8000	992	1011	1006	1008	990	998	1006	1002	1007	989	1008	1008	995	1006	1002	1003	1000	990	1003	1001	997	1003	998	1000	1001	1009	995	1006	999	993	
8050	992	1011	1006	1008	990	998	1006	1002	1007	989	1008	1008	995	1006	1002	1003	1000	990	1003	1001	997	1003	998	1000	1001	1009	995	1006	999	993	
8100	992	1011	1006	1008	990	998	1006	1002	1007	989	1008	1008	995	1006	1002	1003	1000	990	1003	1001	997	1003	998	1000	1001	1009	995	1006	999	993	
8150	992	1011	1006	1008	990	998	1006	1002	1007	989	1008	1008	995	1006	1002	1003	1000	990	1003	1001	997	1003	998	1000	1001	1009	995	1006	999	993	
8200	992	1011	1006	1008	990	998	1006	1002	1007	989	1008	1008	995	1006	1002	1003	1000	990	1003	1001	997	1003	998	1000	1001	1009	995	1006	999	993	
8250	992	1011	1006	1008	990	998	1006	1002	1007	989	1008	1008	995	1006	1002	1003	1000	990	1003	1001	997	1003	998	1000	1001	1009	995	1006	999	993	
8300	992	1011	1006	1008	990	998	1006	1002	1007	989	1008	1008	995	1006	1002	1003	1000	990	1003	1001	997	1003	998	1000	1001	1009	995	1006	999	993	
8350	992	1011	1006	1008	990	998	1006	1002	1007	989	1008	1008	995	1006	1002	1003	1000	990	1003	1001	997	1003	998	1000	1001	1009	995	1006	999	993	
8400	992	1011	1006	1008	990	998	1006	1002	1007	989	1008	1008	995	1006	1002	1003	1000	990	1003	1001	997	1003	998	1000	1001	1009	995	1006	999	993	
8450	992	1011	1006	1008	990	998	1006	1002	1007	989	1008	1008	995	1006	1002	1003	1000	990	1003	1001	997	1003	998	1000	1001	1009	995	1006	999	993	
8500	992	1011	1006	1008	990	998	1006	1002	1007	989	1008	1008	995	1006	1002	1003	1000	990	1003	1001	997	1003	998	1000	1001	1009	995	1006	999	993	
8550	992	1011	1006	1008	990	998	1006	1002	1007	989	1008	1008	995	1006	1002	1003	1000	990	1003	1001	997	1003	998	1000	1001	1009	995	1006	999	993	
8600	992	1011	1006	1008	990	998	1006	1002	1007	989	1008	1008	995	1006	1002	1003	1000	990	1003	1001	997	1003	998	1000	1001	1009	995	1006	999	993	
8650	992	1011	1006	1008	990	998	1006	1002	1007	989	1008	1008	995	1006	1002	1003	1000	990	1003	1001	997	1003	998	1000	1001	1009	995	1006	999	993	
8700	992	1011	1006	1008	990	998	1006	1002	1007	989	1008	1008	995	1006	1002	1003	1000	990	1003	1001	997	1003	998	1000	1001	1009	995	1006	999	993	
8750	992	1011	1006	1008	990	998	1006	1002	1007	989	1008	1008	995	1006	1002	1003	1000	990	1003	1001	997	1003	998	1000	1001	1009	995	1006	999	993	
8800	992	1011	1006	1008	990	998	1006	1002	1007	989	1008	1008	995	1006	1002	1003	1000	990	1003	1001	997	1003	998	1000	1001	1009	995	1006	999	993	
8850	992	1011	1006	1008	990	998	1006	1002	1007	989	1008	1008	995	1006	1002	1003	1000	990	1003	1001	997	1003	998	1000	1001	1009	995	1006	999	993	
8900	992	1011	1006	1008	990	998	1006	1002	1007	989	1008	1008	995	1006	1002	1003	1000	990	1003	1001	997	1003	998	1000	1001	1009	995	1006	999	993	
8950	992	1011	1006	1008	990	998	1006	1002	1007	989	1008	1008	995	1006	1002	1003	1000	990	1003	1001	997	1003	998	1000	1001	1009	995	1006	999	993	
9000	992	1011	1006	1008	990	998	1006	1002	1007	989	1008	1008	995	1006	1002	1003	1000	990	1003	1001	997	1003	998	1000	1001	1009	995	1006	999	993	
9050	992	1011	1006	1008	990	998	1006	1002	1007	989	1008	1008	995	1006	1002	1003	1000	990	1003	1001	997	1003	998	1000	1001	1009	995	1006	999	993	
9100	992	1011	1006	1008	990	998	1006	1002	1007	989	1008	1008	995	1006	1002	1003	1000	990	1003	1001	997	1003	998	1000	1001	1009	995	1006	999	993	
9150	992	1011	1006	1008	990	998	1006	1002	1007	989	1008	1008	995	1006	1002	1003	1000	990	1003	1001	997	1003	998	1000	1001	1009	995	1006	999	993	
9200	992	1011	1006	1008	990	998	1006	1002	1007	989	1008	1008	995	1006	1002	1003	1000	990	1003	1001	997	1003	998	1000	1001	1009	995	1006	999	993	
9250	992	1011	1006	1008	990	998	1006	1002	1007	989	1008	1008	995	1006	1002	1003	1000	990	1003	1001	997	1003	998	1000	1001	1009	995	1006	999	993	
9300	992	1011	1006	1008	990	998	1006	1002	1007	989	1008	1008	995	1006	1002	1003	1000	990	1003	1001	997	1003	998	1000	1001	1009	995	1006	999	993	
9350	992	1011	1006	1008	990	998	1006	1002	1007	989	1008	1008	995	1006	1002	1003	1000	990	1003	1001	997	1003	998	1000	1001	1009	995	1006	999	993	
9400	992	1011	1006	1008	990	998	1006	1002	1007	989	1008	1008	995	1006	1002	1003	1000	990	1003	1001	997	1003	998	1000	1001	1009	995	1006	999	993	
9450	992	1011	1006	1008	990	998	1006	1002	1007	989	1008	1008	995	1006	1002	1003	1000	990	1003	1001	997	1003	998	1000	1001	1009	995	1006	999	993	
9500	992	1011	1006	1008	990	998	1006	1002	1007	989	1008	1008	995	1006	1002	1003	1000	990	1003	1001	997	1003	998	1000	1001	1009	995	1006	999	993	
9550	992	1011	1006	1008	990	998	1006	1002	1007	989	1008	1008	995	1006	1002	1003	1000	990	1003	1001	997	1003	998	1000	1001	1009	995	1006	999	993	
9600	992	1011	1006	1008	990	998	1006	1002	1007	989	1008	1008	995	1006	1002	1003	1000	990	1003	1001	997	1003	998	1000	1001	1009	995	1006	999	993	
9650	992	1011	1006	1008	990	998	1006	1002	1007	989	1008	1008	995	1006	1002	1003	1000	990	1003	1001	997	1003	998	1000	1001	1009	995	1006	999	993	
9700	992	1011	1006	1008	990	998	1006	1002	1007	989	1008	1008	995	1006	1002	1003	1000	990	1003	1001	997	1003	998	1000	1001	1009	995	1006	999	993	
9750	992	1011	1006	1008	990	998	1006	1002	1007	989	1008	1008	995	1006	1002	1003	1000	990	1003	1001	997	1003	998	1000	1001	1009	995	1006	999	993	
9800	992	1011	1006	1008	990	998	1006	1002	1007	989	1008	1008	995	1006	1002	1003	1000	990	1003	1001	997	1003	998	1000	1001	1009	995	1006	999	993	
9850	992	1011	1006	1008	990	998	1006	1002	1007	989	1008	1008	995	1006	1002	1003	1000	990	1003	1001	997	1003	998	1000	1001	1009	995	1006	999	993	
9900	992	1011	1006	1008	990	998	1006	1002	1007	989	1008	1008	995	1006	1002	1003	1000	990	1003	1001	997	1003	998	1000	1001	1009	995	1006	999	993	
9950	992	1011	1006	1008	990	998	1006	1002	1007	989	1008	1008	995	1006	1002	1003	1000	990	1003	1001	997	1003	998	1000	1001	1009	995	1006	999	993	
10000	992	1011	1006	1008	990	998	1006	1002	1007	989	1008	1008	995	1006	1002	1003	1000	990	1003	1001	997	1003	998	1000	1001	1009	995	1006	999	993	
