From log file: logs/4withrestarts.txt

Evals | 1 2 3 ... AVG
150	935	937	937	937	938	937	938	939	938	937	935	937	939	936	938	941	935	939	936	938	938	937	935	937	936	938	937	937	939	938	
200	938	940	941	941	941	940	942	942	942	941	939	941	943	940	942	944	940	943	940	941	942	941	940	940	940	942	941	941	943	941	
250	941	944	943	944	944	943	945	944	946	944	943	944	946	942	945	947	943	946	944	944	945	943	943	943	943	944	943	945	945	943	
300	943	948	946	946	946	946	947	947	948	946	945	947	948	944	947	950	945	948	947	945	948	945	945	946	946	947	946	948	948	945	
350	945	950	949	948	948	947	949	948	951	948	948	948	951	946	950	952	947	950	948	948	950	947	948	949	947	949	948	950	950	948	
400	947	953	950	950	950	949	951	950	953	951	950	950	953	948	952	953	949	952	950	950	952	949	950	950	949	951	950	952	951	949	
450	950	954	952	952	952	951	954	951	955	953	952	952	956	949	954	955	951	954	952	952	954	951	952	952	950	952	952	953	954	951	
500	951	957	954	954	953	953	956	953	957	954	955	955	957	951	955	957	952	955	955	953	957	954	954	953	952	954	954	955	955	953	
550	953	958	955	956	955	954	958	955	958	956	957	956	959	954	957	959	954	957	957	955	958	957	956	955	953	955	956	957	956	955	
600	955	960	957	957	956	956	960	956	960	957	958	957	961	955	959	960	955	958	959	956	960	958	957	958	954	956	957	959	958	957	
650	956	962	958	958	958	958	961	958	961	958	960	959	962	956	960	962	956	959	960	958	961	959	959	960	955	959	958	961	959	958	
700	958	964	960	959	959	959	963	960	962	959	961	961	964	958	961	963	958	961	962	959	963	961	961	961	956	961	960	963	960	960	
750	960	965	961	961	960	961	964	961	963	961	962	962	966	959	963	964	960	963	963	961	964	962	963	963	957	963	962	965	962	961	
800	961	967	962	962	961	962	966	963	965	963	964	964	968	960	964	965	961	965	964	962	965	964	964	964	957	964	963	967	964	962	
850	963	968	963	963	963	963	967	964	967	964	965	966	969	961	965	966	963	967	965	963	967	966	965	965	959	966	963	968	965	964	
900	964	969	964	965	964	965	968	966	968	965	966	968	971	962	967	968	964	968	966	964	968	968	967	967	960	968	965	970	966	965	
950	965	971	965	966	966	966	969	967	969	967	967	969	973	963	967	969	966	970	967	965	970	970	968	969	961	969	966	972	967	966	
1000	966	972	967	968	967	968	971	968	971	968	969	971	975	965	969	970	967	971	969	966	971	971	970	971	963	971	967	973	969	967	
1050	968	973	968	969	968	969	972	969	972	969	970	973	976	966	969	972	969	974	970	967	972	973	971	972	964	973	968	974	969	969	
1100	969	974	969	971	969	971	974	971	973	970	971	974	978	967	970	973	970	976	972	968	973	974	972	973	965	975	970	976	971	970	
1150	970	975	971	972	970	972	975	972	975	970	972	976	979	968	971	975	972	977	972	969	974	975	973	975	966	976	971	978	973	971	
1200	971	976	972	973	971	973	977	973	976	972	973	977	980	970	973	976	974	979	973	971	975	977	974	976	967	978	972	979	975	972	
1250	973	978	974	974	973	975	978	974	977	973	974	977	981	971	973	977	975	982	973	972	976	979	975	977	969	979	973	981	977	973	
1300	974	979	975	975	974	977	980	974	978	974	975	979	983	972	975	979	977	983	974	974	977	980	976	978	970	981	974	982	978	974	
1350	975	980	976	976	975	978	981	975	979	975	977	980	984	974	976	979	979	985	975	975	977	982	977	979	971	982	975	984	980	975	
1400	977	982	977	976	976	979	982	976	980	976	978	982	985	975	977	980	980	987	976	976	978	984	978	981	972	984	976	985	981	976	
1450	978	983	979	977	977	979	984	977	981	977	979	983	986	977	979	981	981	989	977	977	980	986	980	982	973	986	977	986	982	977	
1500	979	984	980	978	978	980	985	978	982	978	980	985	988	977	980	982	982	990	979	979	981	987	981	983	974	988	978	987	983	978	
1550	980	986	981	978	978	981	987	979	983	979	981	986	989	978	981	984	983	991	980	969	982	989	982	984	975	989	979	988	985	979	
1600	982	987	983	979	979	982	988	979	984	980	983	987	990	980	982	985	985	992	981	976	983	990	984	985	976	991	979	990	986	980	
1650	983	988	984	980	980	983	989	980	985	982	983	989	991	981	984	986	987	994	981	979	984	991	985	986	977	993	980	992	987	981	
1700	983	989	985	981	981	984	990	981	986	983	985	990	992	982	984	987	988	995	983	982	985	992	986	988	978	994	982	993	988	983	
1750	984	990	986	982	983	985	991	982	988	984	986	991	994	983	985	989	989	997	984	983	986	994	987	989	979	996	983	993	989	984	
1800	986	991	987	983	984	987	992	983	989	986	987	993	995	984	986	990	990	998	985	984	987	995	988	990	980	998	984	994	990	985	
1850	987	992	988	984	985	988	994	984	990	987	988	994	996	986	987	991	992	1000	985	985	988	996	989	991	981	999	984	995	992	987	
1900	988	993	989	985	986	988	994	985	991	989	989	995	997	987	988	992	993	1001	986	987	989	997	990	992	982	1001	986	996	993	988	
1950	989	994	990	986	987	990	995	986	992	990	991	996	998	988	989	993	994	1003	987	988	990	998	991	994	983	1003	987	998	995	989	
2000	990	995	991	987	988	991	996	987	993	991	992	997	1000	989	990	994	996	1004	988	989	991	1000	993	995	984	1004	989	999	996	990	
2050	992	996	992	988	989	991	996	988	995	993	993	998	1001	990	991	995	997	1005	989	990	992	1001	993	996	985	1006	990	1000	997	991	
2100	992	997	993	989	990	992	997	989	996	994	994	1000	1002	991	993	996	998	1006	990	992	993	1003	995	997	985	1007	991	1002	999	993	
2150	994	998	995	990	991	993	998	990	997	995	995	1000	1003	992	994	997	999	1007	991	993	994	1004	996	998	985	1009	993	1003	999	994	
2200	995	999	996	992	992	994	998	992	998	996	996	1001	1004	994	995	998	1001	1009	991	994	996	1005	997	999	986	1010	994	1004	1001	995	
2250	996	1001	997	993	993	995	999	993	999	997	997	1003	1005	995	996	1000	1002	1010	992	995	997	1006	998	1000	987	1011	996	1005	1002	996	
2300	997	1002	998	994	994	996	1000	994	1000	998	999	1004	1006	996	997	1001	1002	1011	993	997	998	1007	999	1001	988	1013	997	1006	1003	997	
2350	998	1004	999	995	994	997	1001	996	1001	999	1000	1005	1007	997	999	1002	1004	1012	994	998	999	1008	1000	1002	989	1014	999	1007	1004	998	
2400	999	1006	1000	996	995	998	1002	997	1002	1000	1001	1006	1009	998	1000	1003	1005	1013	996	999	1000	1010	1001	1003	990	1015	1000	1007	1005	999	
2450	999	1007	1002	997	997	999	1003	998	1004	1001	1002	1007	1009	1000	1001	1004	1006	1014	997	1000	1001	1011	1002	1004	990	1016	1001	1008	1007	1000	
2500	1000	1009	1003	998	998	1000	1004	1000	1005	1001	1003	1008	1010	1001	1002	1005	1007	1015	998	1002	1002	1012	1004	1005	992	1017	1002	1009	1008	1001	
2550	1002	1010	1004	999	999	1001	1004	1001	1006	1002	1004	1009	1011	1002	1003	1006	1008	1016	999	1003	1003	1013	1005	1006	993	1018	1003	1010	1009	1002	
2600	1003	1011	1005	1000	1000	1002	1005	1002	1007	1003	1005	1010	1013	1004	1004	1007	1009	1017	1000	1004	1004	1014	1006	1007	993	1019	1004	1011	1010	1003	
2650	1004	1012	1006	1001	1001	1002	1006	1003	1009	1005	1006	1011	1014	1005	1005	1008	1010	1018	1001	1006	1005	1016	1007	1008	994	1020	1006	1013	1012	1004	
2700	1005	1014	1007	1002	1002	1003	1007	1004	1010	1006	1007	1012	1015	1006	1006	1010	1010	1019	1002	1007	1006	1017	1008	1009	995	1021	1007	1014	1013	1005	
2750	1007	1015	1008	1004	1003	1004	1008	1006	1011	1007	1008	1013	1016	1007	1008	1011	1012	1020	1003	1008	1006	1018	1009	1010	996	1022	1009	1015	1014	1006	
2800	1008	1016	1009	1005	1005	1005	1009	1008	1012	1007	1009	1013	1017	1009	1009	1012	1013	1021	1004	1009	1007	1019	1009	1011	997	1023	1010	1016	1016	1006	
2850	1009	1018	1010	1006	1006	1006	1010	1009	1013	1008	1010	1014	1018	1010	1010	1014	1014	1021	1005	1011	1008	1020	1010	1012	998	1023	1011	1017	1017	1007	
2900	1010	1019	1011	1007	1007	1006	1011	1011	1015	1009	1011	1015	1019	1012	1011	1015	1015	1022	1006	1012	1009	1021	1011	1013	999	1024	1012	1018	1018	1008	
2950	1012	1020	1012	1008	1008	1007	1012	1012	1015	1010	1012	1016	1020	1013	1012	1016	1016	1023	1008	1012	1009	1022	1012	1014	1000	1025	1014	1019	1020	1010	
3000	1013	1021	1013	1009	1009	1008	1013	1013	1017	1011	1013	1017	1021	1014	1013	1017	1017	1024	1009	1013	1010	1023	1012	1015	1001	1025	1014	1020	1020	1010	
3050	1014	1022	1014	1010	1010	1009	1014	1014	1018	1012	1015	1018	1022	1015	1014	1019	1018	1025	1010	1014	1011	1024	1013	1016	1002	1026	1016	1021	1021	1011	
3100	1015	1023	1015	1011	1011	1010	1016	1015	1019	1013	1016	1019	1023	1016	1015	1020	1019	1025	1011	1015	1012	1025	1014	1017	1003	1027	1017	1021	1023	1012	
3150	1016	1024	1016	1012	1012	1011	1017	1016	1020	1014	1017	1020	1024	1017	1016	1021	1020	1026	1012	1016	1013	1026	1015	1018	1004	1027	1018	1022	1023	1013	
3200	1017	1025	1017	1013	1014	1011	1018	1017	1021	1015	1018	1021	1025	1018	1016	1021	1022	1027	1012	1017	1014	1027	1016	1019	1004	1028	1019	1023	1024	1013	
3250	1018	1026	1018	1014	1016	1012	1019	1018	1022	1015	1019	1021	1026	1019	1017	1022	1022	1027	1013	1018	1015	1028	1017	1020	1006	1029	1020	1023	1025	1014	
3300	1019	1027	1019	1015	1016	1013	1020	1019	1023	1016	1020	1022	1028	1020	1018	1023	1023	1028	1014	1019	1015	1028	1018	1021	1006	1029	1021	1024	1026	1015	
3350	1020	1028	1020	1016	1017	1014	1021	1020	1024	1017	1021	1023	1029	1022	1019	1024	1024	1029	1015	1020	1016	1029	1019	1022	1007	1030	1022	1025	1027	1016	
3400	1021	1029	1022	1017	1018	1015	1022	1021	1025	1018	1022	1023	1030	1023	1020	1025	1025	1030	1016	1021	1017	1030	1019	1023	1008	1031	1023	1026	1028	1017	
3450	1022	1030	1023	1018	1019	1016	1023	1022	1026	1019	1023	1024	1031	1024	1021	1027	1025	1030	1017	1022	1018	1031	1020	1024	1009	1031	1024	1027	1028	1018	
3500	1023	1031	1024	1019	1020	1017	1024	1023	1027	1020	1024	1025	1032	1025	1021	1027	1026	1031	1018	1023	1019	1032	1021	1025	1010	1032	1024	1028	1029	1019	
3550	1024	1032	1024	1020	1020	1018	1024	1024	1027	1021	1025	1026	1033	1026	1022	1028	1027	1032	1019	1023	1020	1032	1022	1026	1012	1032	1025	1029	1030	1020	
3600	1025	1032	1025	1021	1021	1018	1025	1025	1028	1022	1026	1026	1034	1027	1022	1029	1028	1033	1020	1024	1021	1033	1023	1027	1013	1033	1026	1030	1031	1021	
3650	1026	1033	1026	1021	1022	1019	1025	1026	1029	1023	1027	1027	1035	1028	1023	1030	1029	1033	1021	1025	1022	1034	1023	1028	1014	1033	1027	1031	1032	1022	
3700	1026	1034	1026	1022	1023	1020	1026	1027	1030	1024	1027	1028	1035	1029	1024	1031	1029	1034	1022	1026	1022	1034	1024	1029	1015	1034	1028	1032	1032	1023	
3750	1027	1035	1026	1023	1024	1021	1027	1028	1031	1025	1028	1029	1036	1030	1024	1032	1030	1035	1022	1027	1023	1035	1025	1030	1016	1034	1028	1032	1033	1024	
3800	1028	1035	1027	1024	1025	1021	1027	1029	1031	1026	1029	1029	1037	1030	1025	1033	1031	1035	1023	1027	1024	1035	1025	1031	1016	1035	1030	1033	1034	1024	
3850	1028	1036	1027	1024	1026	1022	1028	1029	1032	1027	1029	1030	1038	1031	1025	1033	1031	1036	1024	1028	1025	1036	1026	1032	1017	1036	1030	1034	1034	1025	
3900	1029	1037	1028	1025	1026	1023	1028	1030	1032	1028	1030	1031	1038	1032	1026	1034	1032	1036	1024	1029	1025	1036	1027	1033	1018	1036	1031	1034	1035	1026	
3950	1030	1038	1029	1026	1027	1023	1029	1031	1033	1029	1031	1032	1039	1032	1027	1035	1033	1037	1025	1029	1026	1036	1027	1034	1020	1037	1032	1035	1035	1026	
4000	1031	1038	1029	1027	1028	1024	1030	1032	1034	1029	1031	1033	1040	1033	1027	1036	1033	1037	1026	1030	1027	1037	1028	1034	1020	1037	1033	1036	1036	1027	
4050	1031	1039	1030	1027	1029	1025	1030	1032	1034	1030	1032	1033	1041	1034	1028	1036	1034	1038	1027	1030	1028	1037	1029	1035	1021	1038	1033	1037	1036	1028	
4100	1032	1040	1030	1027	1030	1025	1031	1033	1035	1031	1032	1034	1041	1034	1028	1037	1034	1038	1027	1031	1028	1038	1030	1035	1022	1038	1034	1038	1037	1028	
4150	1032	1041	1031	1028	1031	1026	1032	1034	1036	1031	1033	1035	1042	1035	1028	1038	1035	1039	1028	1031	1029	1038	1030	1036	1023	1039	1035	1038	1038	1029	
4200	1033	1041	1031	1029	1032	1027	1032	1035	1036	1032	1033	1035	1043	1036	1029	1038	1035	1039	1029	1032	1030	1039	1031	1036	1024	1039	1036	1039	1038	1030	
4250	1033	1042	1032	1029	1032	1027	1033	1036	1037	1033	1034	1036	1043	1036	1029	1039	1036	1040	1030	1032	1030	1039	1031	1036	1025	1039	1036	1039	1039	1031	
4300	1034	1042	1033	1030	1033	1028	1034	1036	1038	1033	1034	1036	1044	1037	1030	1040	1036	1040	1031	1033	1031	1039	1032	1037	1025	1040	1037	1040	1040	1032	
4350	1034	1043	1034	1030	1034	1028	1034	1037	1038	1034	1035	1037	1044	1037	1030	1040	1037	1041	1031	1033	1031	1040	1033	1037	1026	1040	1037	1041	1040	1033	
4400	1035	1043	1034	1031	1035	1029	1035	1037	1039	1035	1035	1038	1045	1038	1030	1041	1038	1041	1032	1034	1032	1040	1033	1038	1027	1040	1038	1041	1041	1033	
4450	1035	1044	1035	1032	1036	1030	1036	1038	1040	1035	1036	1038	1045	1039	1031	1042	1039	1041	1033	1034	1033	1041	1034	1038	1028	1041	1038	1042	1041	1034	
4500	1036	1044	1035	1032	1036	1030	1036	1039	1040	1036	1037	1039	1046	1039	1031	1042	1039	1041	1034	1035	1033	1041	1034	1038	1029	1041	1039	1043	1042	1035	
4550	1036	1045	1036	1033	1037	1031	1037	1039	1041	1037	1037	1039	1046	1040	1031	1042	1040	1042	1035	1035	1034	1042	1034	1039	1030	1042	1040	1043	1043	1036	
4600	1037	1045	1037	1034	1038	1031	1037	1040	1041	1038	1038	1039	1047	1041	1032	1043	1040	1042	1035	1036	1035	1042	1035	1039	1031	1042	1040	1044	1043	1037	
4650	1037	1046	1037	1034	1038	1032	1038	1040	1042	1038	1039	1040	1047	1041	1032	1043	1041	1042	1036	1036	1035	1042	1035	1039	1032	1042	1041	1045	1043	1037	
4700	1038	1047	1038	1035	1039	1032	1038	1040	1043	1039	1039	1041	1048	1042	1033	1044	1041	1043	1037	1037	1036	1042	1036	1040	1033	1043	1042	1045	1044	1038	
4750	1038	1047	1038	1035	1040	1033	1038	1041	1043	1039	1040	1041	1048	1043	1033	1044	1042	1043	1038	1037	1036	1043	1036	1040	1034	1043	1042	1046	1044	1038	
4800	1039	1047	1039	1035	1040	1033	1039	1042	1044	1040	1040	1042	1048	1043	1033	1045	1042	1043	1039	1038	1037	1043	1037	1040	1035	1043	1043	1047	1045	1039	
4850	1039	1048	1040	1036	1041	1034	1039	1042	1045	1040	1041	1042	1048	1044	1034	1045	1042	1043	1039	1038	1037	1043	1037	1041	1036	1043	1043	1047	1045	1040	
4900	1039	1048	1040	1036	1042	1034	1040	1043	1045	1041	1041	1042	1049	1044	1034	1045	1043	1043	1040	1038	1038	1043	1038	1041	1037	1044	1044	1047	1045	1040	
4950	1039	1049	1041	1037	1043	1035	1040	1043	1046	1041	1041	1043	1049	1045	1034	1046	1043	1044	1040	1039	1038	1043	1038	1041	1038	1044	1044	1048	1046	1041	
5000	1040	1049	1041	1037	1043	1035	1040	1044	1046	1042	1042	1043	1049	1045	1035	1046	1043	1044	1041	1039	1039	1043	1039	1041	1039	1044	1045	1048	1046	1041	
5050	1040	1049	1042	1038	1044	1036	1041	1044	1047	1042	1042	1043	1049	1046	1035	1047	1044	1044	1041	1039	1039	1044	1039	1042	1039	1045	1045	1049	1046	1042	
5100	1040	1050	1043	1038	1044	1036	1041	1045	1047	1043	1042	1044	1050	1046	1035	1047	1044	1044	1042	1040	1039	1044	1039	1042	1040	1045	1046	1049	1047	1042	
5150	1040	1050	1043	1038	1045	1037	1041	1045	1048	1043	1043	1044	1050	1047	1035	1047	1044	1044	1042	1040	1040	1044	1040	1042	1041	1045	1046	1049	1047	1042	
5200	1041	1050	1044	1039	1045	1037	1041	1046	1048	1043	1043	1044	1050	1047	1036	1047	1045	1044	1042	1040	1040	1044	1040	1043	1041	1045	1046	1050	1047	1043	
5250	1041	1051	1044	1039	1045	1037	1042	1046	1048	1044	1043	1044	1050	1048	1036	1048	1045	1045	1043	1041	1041	1044	1041	1043	1042	1046	1047	1050	1048	1043	
5300	1041	1051	1044	1039	1046	1038	1042	1047	1049	1044	1043	1044	1051	1048	1036	1048	1045	1045	1043	1041	1041	1044	1041	1043	1043	1046	1047	1050	1048	1044	
5350	1042	1052	1045	1040	1047	1038	1042	1047	1049	1044	1044	1044	1051	1048	1036	1048	1046	1045	1043	1041	1041	1044	1041	1043	1043	1046	1047	1050	1048	1044	
5400	1042	1052	1045	1040	1047	1039	1042	1047	1049	1045	1044	1045	1051	1049	1037	1049	1046	1045	1044	1041	1042	1045	1042	1043	1044	1046	1048	1051	1048	1045	
5450	1042	1052	1045	1040	1047	1039	1043	1048	1050	1045	1044	1045	1052	1049	1037	1049	1046	1045	1044	1042	1042	1045	1042	1043	1044	1047	1048	1051	1048	1045	
5500	1043	1052	1046	1041	1048	1040	1043	1049	1050	1045	1044	1045	1052	1049	1037	1049	1046	1045	1044	1042	1042	1045	1042	1044	1044	1047	1048	1051	1049	1046	
5550	1043	1053	1046	1041	1048	1040	1043	1049	1050	1045	1044	1045	1052	1049	1037	1049	1046	1045	1045	1042	1042	1045	1043	1044	1045	1047	1049	1051	1049	1046	
5600	1044	1053	1046	1041	1048	1041	1043	1049	1051	1046	1044	1046	1052	1049	1037	1049	1047	1045	1045	1042	1043	1045	1043	1044	1045	1047	1049	1051	1049	1046	
5650	1044	1053	1047	1041	1049	1041	1044	1050	1051	1046	1045	1046	1052	1050	1038	1049	1047	1014	1045	1043	1043	1015	1044	1044	1045	1047	1049	1051	1049	1047	
5700	1044	1053	1047	1042	1049	1041	1044	1050	1051	1046	1045	1046	1053	1050	1038	1050	1047	1035	1046	1043	1043	1041	1044	1044	1046	1047	1049	1051	1049	1047	
5750	1045	1054	1047	1042	1049	1042	1044	1050	1052	1046	1045	1046	1053	1050	1038	1050	1047	1045	1046	1043	1043	1045	1045	1044	1046	1047	1050	1051	1050	1047	
5800	1045	1054	1047	1042	1050	1042	1044	1050	1052	1047	1045	1046	1053	1050	1038	1050	1047	1045	1047	1043	1043	1045	1045	1044	1046	1047	1050	1052	1050	1048	
5850	1045	1054	1047	1042	1050	1042	1044	1051	1052	1047	1045	1046	1053	1051	1038	1050	1047	1045	1047	1043	1044	1045	1045	1044	1047	1047	1050	1052	1050	1048	
5900	1046	1054	1047	1043	1051	1042	1044	1051	1052	1047	1045	1046	1053	1051	1038	1050	1048	1045	1047	1043	1044	1045	1045	1045	1047	1047	1050	1052	1050	1048	
5950	1046	1054	1047	1043	1051	1043	1044	1051	1053	1047	1046	1046	1053	1051	1014	1016	1048	1046	1047	1044	1044	1045	1046	1045	1047	1020	1051	1052	1050	1048	
6000	1046	1055	1048	1043	1051	1043	1044	1051	1053	1048	1046	1047	1018	1051	1036	1035	1048	1046	1048	1044	1044	1045	1046	1011	1048	1044	1051	1052	1050	1048	
6050	1047	1023	1048	1043	1052	1043	1044	1052	1053	1048	1046	1047	1041	1051	1039	1050	1048	1046	1048	1044	1044	1045	1046	1031	1048	1048	1051	1052	1050	1049	
6100	1047	1050	1048	1044	1052	1044	1044	1052	1053	1048	1046	1047	1052	1051	1039	1050	1048	1046	1048	1044	1044	1045	1047	1044	1048	1048	1051	1052	1050	1049	
6150	1047	1055	1048	1044	1053	1044	1044	1052	1053	1048	1046	1012	1053	1051	1039	1050	1048	1046	1049	1044	1045	1045	1047	1045	1049	1048	1052	1052	1050	1049	
6200	1047	1055	1048	1044	1053	1044	1044	1052	1053	1048	1013	1036	1053	1051	1039	1050	1048	1046	1049	1044	1045	1045	1047	1045	1049	1048	1052	1052	1050	1049	
6250	1047	1055	1048	1044	1053	1044	1044	1052	1053	1048	1033	1047	1053	1051	1039	1050	1048	1046	1049	1014	1045	1045	1047	1045	1049	1048	1052	1052	1050	1049	
6300	1047	1055	1048	1044	1053	1045	1044	1022	1053	1048	1046	1047	1053	1020	1039	1050	1049	1047	1049	1034	1045	1045	1047	1045	1049	1048	1052	1052	1050	1050	
6350	1048	1055	1016	1044	1054	1045	1044	1045	1053	1013	1046	1047	1053	1043	1040	1050	1049	1047	1049	1044	1045	1045	1048	1045	1050	1048	1052	1052	1050	1050	
6400	1048	1055	1041	1044	1054	1045	1044	1052	1053	1037	1046	1047	1053	1052	1040	1050	1049	1047	1050	1044	1045	1016	1048	1045	1050	1048	1053	1052	1050	1050	
6450	1048	1055	1048	1044	1054	1045	1012	1052	1053	1047	1046	1047	1053	1052	1040	1050	1049	1047	1050	1044	1045	1043	1048	1045	1050	1048	1053	1052	1013	1050	
6500	1048	1055	1048	1044	1055	1046	1035	1052	1054	1048	1046	1047	1053	1052	1040	1050	1049	1047	1050	1044	1046	1045	1048	1045	1050	1048	1053	1052	1035	1050	
6550	1048	1055	1048	1044	1055	1046	1044	1052	1054	1048	1046	1047	1053	1052	1040	1050	1049	1047	1050	1044	1046	1045	1048	1045	1051	1048	1053	1052	1049	1050	
6600	1048	1055	1048	1045	1055	1046	1044	1052	1054	1048	1046	1047	1053	1052	1040	1050	1049	1047	1050	1044	1015	1045	1019	1045	1051	1048	1053	1018	1050	1050	
6650	1048	1055	1048	1045	1055	1046	1044	1052	1054	1048	1046	1047	1053	1052	1040	1050	1049	1047	1050	1044	1036	1045	1042	1045	1051	1048	1018	1039	1050	1050	
6700	1048	1055	1048	1045	1056	1046	1044	1052	1022	1048	1046	1047	1053	1052	1040	1019	1049	1047	1050	1044	1046	1045	1048	1045	1051	1016	1045	1051	1050	1051	
6750	1048	1055	1048	1045	1056	1047	1044	1052	1050	1048	1046	1047	1022	1052	1041	1045	1020	1047	1050	1044	1046	1045	1048	1013	1051	1038	1053	1052	1050	1019	
6850	1020	1024	1048	1045	1056	1047	1044	1052	1054	1048	1046	1047	1048	1052	1041	1050	1045	1047	1051	1044	1046	1045	1048	1038	1051	1048	1053	1052	1050	1042	
6900	1042	1047	1048	1045	1056	1047	1044	1052	1054	1048	1046	1047	1053	1052	1041	1050	1049	1047	1051	1044	1046	1045	1048	1045	1051	1048	1053	1052	1050	1051	
6950	1048	1055	1048	1018	1056	1047	1044	1052	1054	1048	1046	1020	1053	1052	1042	1050	1050	1047	1051	1044	1046	1045	1048	1045	1051	1048	1053	1052	1050	1051	
7000	1049	1055	1048	1041	1056	1047	1044	1052	1054	1048	1015	1043	1053	1052	1042	1050	1050	1020	1051	1044	1046	1045	1048	1045	1051	1048	1053	1052	1050	1051	
7050	1049	1055	1048	1045	1018	1047	1045	1052	1054	1048	1033	1047	1053	1052	1042	1050	1050	1045	1051	1015	1046	1045	1048	1045	1051	1048	1053	1052	1050	1051	
7100	1049	1055	1048	1045	1048	1018	1045	1018	1054	1048	1045	1047	1053	1020	1042	1050	1050	1047	1051	1038	1046	1045	1048	1045	1051	1048	1053	1052	1050	1051	
7150	1049	1055	1018	1045	1056	1042	1045	1049	1054	1016	1046	1047	1053	1046	1043	1050	1050	1047	1020	1044	1046	1045	1048	1045	1051	1048	1053	1052	1050	1051	
7200	1049	1055	1043	1045	1056	1047	1045	1052	1054	1043	1046	1047	1053	1052	1043	1050	1050	1047	1045	1044	1046	1014	1048	1045	1051	1048	1053	1052	1050	1051	
7250	1049	1055	1048	1045	1056	1047	1018	1052	1054	1048	1046	1047	1053	1052	1043	1050	1050	1047	1051	1044	1046	1041	1048	1045	1051	1048	1053	1052	1019	1051	
7300	1049	1055	1048	1045	1056	1047	1040	1052	1054	1048	1046	1047	1053	1052	1043	1050	1050	1047	1051	1044	1046	1045	1049	1045	1051	1048	1053	1052	1045	1051	
7350	1049	1055	1048	1045	1056	1047	1045	1052	1054	1048	1046	1047	1053	1052	1044	1050	1050	1048	1051	1044	1046	1045	1049	1045	1052	1048	1053	1052	1051	1051	
7400	1049	1055	1048	1045	1056	1047	1045	1052	1054	1048	1046	1047	1053	1052	1044	1050	1050	1048	1051	1044	1014	1045	1014	1045	1052	1048	1053	1022	1051	1051	
7450	1049	1055	1048	1045	1056	1047	1045	1052	1054	1048	1046	1047	1053	1052	1044	1050	1050	1048	1051	1044	1038	1045	1039	1045	1052	1048	1021	1044	1051	1051	
7500	1049	1055	1048	1045	1056	1047	1045	1052	1025	1048	1046	1047	1053	1052	1044	1018	1050	1048	1051	1044	1046	1045	1049	1045	1052	1016	1047	1053	1051	1051	
7550	1049	1055	1048	1045	1056	1047	1045	1052	1053	1048	1046	1047	1025	1052	1044	1042	1050	1048	1051	1044	1046	1045	1049	1014	1052	1038	1053	1053	1051	1022	
7600	1049	1023	1048	1045	1056	1047	1045	1052	1054	1048	1046	1047	1048	1052	1044	1050	1050	1048	1051	1044	1046	1045	1049	1038	1052	1047	1053	1053	1051	1047	
7650	1049	1049	1048	1045	1056	1047	1045	1052	1054	1048	1046	1047	1053	1052	1014	1050	1050	1048	1051	1044	1046	1045	1049	1045	1052	1048	1053	1053	1051	1051	
7700	1050	1055	1048	1013	1056	1047	1045	1052	1054	1048	1046	1014	1053	1052	1036	1050	1051	1048	1051	1044	1046	1045	1049	1045	1052	1048	1053	1053	1051	1051	
7750	1050	1055	1048	1037	1056	1047	1045	1052	1054	1048	1013	1037	1053	1052	1044	1050	1023	1017	1051	1044	1046	1045	1049	1045	1052	1048	1053	1053	1051	1051	
7800	1050	1055	1048	1045	1025	1047	1045	1052	1054	1048	1040	1047	1053	1052	1044	1050	1049	1043	1051	1014	1046	1045	1049	1045	1052	1048	1053	1053	1051	1051	
7850	1050	1055	1048	1045	1051	1014	1045	1014	1054	1048	1046	1047	1053	1020	1044	1050	1051	1047	1051	1037	1046	1045	1049	1045	1052	1048	1053	1053	1051	1051	
7900	1050	1055	1016	1045	1056	1038	1045	1039	1054	1011	1046	1047	1053	1042	1044	1050	1051	1048	1023	1044	1046	1045	1049	1045	1052	1048	1053	1053	1051	1051	
7950	1050	1055	1039	1045	1056	1046	1045	1052	1054	1033	1046	1047	1053	1052	1044	1050	1051	1048	1047	1044	1046	1017	1049	1045	1053	1048	1053	1053	1051	1051	
8000	1050	1055	1048	1045	1056	1047	1015	1052	1054	1047	1046	1047	1053	1052	1044	1050	1051	1048	1051	1044	1046	1042	1049	1045	1020	1048	1053	1053	1021	1051	
8050	1050	1055	1048	1045	1056	1047	1039	1052	1054	1048	1046	1047	1053	1052	1044	1050	1051	1048	1051	1044	1046	1045	1049	1045	1047	1048	1053	1053	1044	1051	
8150	1023	1055	1048	1045	1056	1047	1045	1052	1054	1048	1046	1047	1053	1052	1044	1050	1051	1048	1051	1044	1046	1045	1049	1045	1053	1048	1053	1053	1051	1051	
8200	1044	1055	1048	1045	1056	1047	1045	1052	1054	1048	1046	1047	1053	1052	1044	1050	1051	1048	1051	1044	1019	1045	1020	1045	1053	1048	1053	1017	1051	1051	
8250	1050	1055	1048	1045	1056	1047	1045	1052	1054	1048	1046	1047	1053	1052	1044	1050	1051	1048	1051	1044	1044	1045	1043	1045	1053	1048	1026	1043	1051	1051	
8300	1050	1055	1048	1045	1056	1047	1045	1052	1022	1048	1046	1047	1053	1052	1044	1020	1051	1048	1051	1044	1046	1045	1049	1045	1053	1017	1053	1053	1051	1051	
8350	1050	1055	1048	1045	1056	1047	1045	1052	1047	1048	1046	1047	1025	1052	1044	1047	1051	1048	1051	1044	1046	1045	1049	1015	1053	1043	1053	1053	1051	1015	
8400	1050	1025	1048	1045	1056	1047	1045	1052	1054	1048	1046	1047	1049	1052	1044	1050	1051	1048	1051	1044	1046	1045	1049	1039	1053	1048	1053	1053	1051	1039	
8450	1050	1052	1048	1045	1056	1047	1045	1052	1054	1048	1046	1047	1053	1052	1012	1050	1051	1048	1051	1044	1046	1045	1049	1045	1053	1048	1053	1053	1051	1051	
8500	1051	1055	1048	1011	1056	1047	1045	1052	1054	1048	1046	1018	1053	1052	1039	1050	1051	1048	1051	1044	1046	1045	1049	1045	1053	1048	1053	1053	1051	1051	
8550	1051	1055	1048	1033	1056	1047	1045	1052	1054	1048	1015	1044	1053	1052	1044	1050	1020	1014	1051	1044	1046	1045	1049	1045	1053	1048	1053	1053	1051	1051	
8600	1051	1055	1048	1045	1032	1047	1045	1052	1054	1048	1038	1047	1053	1052	1044	1050	1045	1045	1051	1019	1046	1045	1049	1045	1053	1048	1053	1053	1051	1051	
8650	1051	1055	1048	1045	1056	1018	1045	1020	1054	1048	1046	1047	1053	1025	1044	1050	1051	1047	1051	1040	1046	1045	1049	1045	1053	1048	1053	1053	1051	1051	
8700	1051	1055	1015	1045	1056	1040	1045	1045	1054	1013	1046	1047	1053	1050	1044	1050	1051	1048	1016	1044	1046	1045	1049	1045	1053	1048	1053	1053	1051	1051	
8750	1051	1055	1042	1045	1056	1047	1045	1052	1054	1035	1046	1047	1053	1052	1044	1050	1051	1048	1041	1044	1046	1018	1049	1045	1053	1048	1053	1053	1051	1051	
8800	1051	1055	1048	1045	1056	1047	1016	1052	1054	1047	1046	1047	1053	1052	1044	1050	1051	1048	1051	1044	1046	1037	1049	1045	1021	1048	1053	1053	1018	1051	
8850	1051	1055	1048	1045	1056	1047	1039	1052	1054	1048	1046	1047	1053	1052	1044	1050	1051	1048	1051	1044	1046	1045	1049	1045	1044	1048	1053	1053	1040	1051	
8950	1019	1055	1048	1045	1056	1047	1045	1052	1054	1048	1046	1047	1053	1052	1044	1050	1051	1048	1051	1044	1046	1045	1049	1045	1053	1048	1053	1053	1051	1051	
9000	1044	1055	1048	1045	1056	1047	1045	1052	1054	1048	1046	1047	1053	1052	1044	1050	1051	1048	1051	1044	1016	1045	1016	1045	1053	1048	1053	1022	1051	1051	
9050	1050	1055	1048	1045	1056	1047	1045	1052	1054	1048	1046	1047	1053	1052	1044	1050	1051	1048	1051	1044	1039	1045	1041	1045	1053	1048	1020	1045	1051	1051	
9100	1051	1055	1048	1045	1056	1047	1045	1052	1020	1048	1046	1047	1053	1052	1044	1018	1051	1048	1051	1044	1046	1045	1049	1045	1053	1019	1047	1053	1051	1051	
9150	1051	1055	1048	1045	1056	1047	1045	1052	1045	1048	1046	1047	1026	1052	1044	1041	1051	1048	1051	1044	1046	1045	1049	1017	1053	1044	1053	1053	1051	1016	
9200	1051	1023	1048	1045	1056	1047	1045	1052	1054	1048	1046	1047	1052	1052	1044	1050	1051	1048	1051	1044	1046	1045	1049	1038	1053	1048	1053	1053	1051	1039	
9250	1051	1048	1048	1045	1056	1047	1045	1052	1054	1048	1046	1047	1053	1052	1015	1050	1051	1048	1051	1044	1046	1045	1049	1045	1053	1048	1053	1053	1051	1050	
9300	1051	1055	1048	1009	1056	1047	1045	1052	1054	1048	1046	1017	1053	1052	1041	1050	1051	1048	1051	1044	1046	1045	1049	1045	1053	1048	1053	1053	1051	1051	
9350	1051	1055	1048	1034	1056	1047	1045	1052	1054	1048	1019	1042	1053	1052	1044	1050	1019	1015	1051	1044	1046	1045	1049	1045	1053	1048	1053	1053	1051	1051	
9400	1051	1055	1048	1045	1027	1047	1045	1052	1054	1048	1041	1047	1053	1052	1044	1050	1041	1040	1051	1014	1046	1045	1049	1045	1053	1048	1053	1053	1051	1051	
9450	1051	1055	1048	1045	1050	1018	1045	1025	1054	1048	1046	1047	1053	1016	1044	1050	1051	1047	1051	1040	1046	1045	1049	1045	1053	1048	1053	1053	1051	1051	
9500	1051	1055	1013	1045	1056	1039	1045	1049	1054	1018	1046	1047	1053	1037	1044	1050	1051	1048	1021	1044	1046	1045	1049	1045	1053	1048	1053	1053	1051	1051	
9550	1051	1055	1038	1045	1056	1047	1045	1052	1054	1041	1046	1047	1053	1051	1044	1050	1051	1048	1044	1044	1046	1017	1049	1045	1053	1048	1053	1053	1051	1051	
9600	1051	1055	1048	1045	1056	1047	1017	1052	1054	1048	1046	1047	1053	1052	1044	1050	1051	1048	1051	1044	1046	1040	1049	1045	1019	1048	1053	1053	1024	1051	
9650	1051	1055	1048	1045	1056	1047	1041	1052	1054	1048	1046	1047	1053	1052	1044	1050	1051	1048	1051	1044	1046	1045	1049	1045	1045	1048	1053	1053	1049	1051	
9750	1013	1055	1048	1045	1056	1047	1045	1052	1054	1048	1046	1047	1053	1052	1044	1050	1051	1048	1051	1044	1046	1045	1049	1045	1053	1048	1053	1053	1051	1051	
9800	1037	1055	1048	1045	1056	1047	1045	1052	1054	1048	1046	1047	1053	1052	1044	1050	1051	1048	1051	1044	1016	1045	1016	1045	1053	1048	1053	1022	1051	1051	
9850	1050	1055	1048	1045	1056	1047	1045	1052	1054	1048	1046	1047	1053	1052	1044	1050	1051	1048	1051	1044	1037	1045	1044	1045	1053	1048	1013	1045	1051	1051	
9900	1051	1055	1048	1045	1056	1047	1045	1052	1019	1048	1046	1047	1053	1052	1044	1017	1051	1048	1051	1044	1046	1045	1049	1045	1053	1016	1039	1053	1051	1051	
9950	1051	1055	1048	1045	1056	1047	1045	1052	1044	1048	1046	1047		1052	1044		1051	1048	1051		1046		1049		1053		1053	1053	1051	1022	
10000	1051			1045	1056	1047									1044		1051		1051						1053						
																									1053						


Evals | 1 2 3 ... BEST
150	950	958	963	959	967	958	971	969	965	952	955	956	960	957	960	962	957	959	957	960	960	959	960	960	963	955	954	959	960	962	
200	951	958	963	959	967	961	971	969	965	967	960	960	960	957	974	963	960	965	960	960	960	959	960	960	963	960	960	959	962	965	
250	953	968	963	960	967	961	971	969	972	967	960	960	960	957	974	963	960	965	960	960	966	963	961	964	963	960	960	967	963	965	
300	959	968	969	960	967	961	971	969	972	968	962	962	962	957	975	966	960	965	969	960	969	963	961	964	966	960	961	967	963	965	
350	963	968	969	960	968	961	971	969	972	968	962	962	968	962	975	966	960	965	969	960	969	963	964	964	966	966	964	967	963	965	
400	963	968	969	965	968	961	971	969	976	969	965	962	977	962	975	976	966	967	969	960	969	963	964	964	966	966	968	967	967	973	
450	965	968	969	976	968	966	971	969	976	969	969	970	977	962	979	976	966	973	969	962	971	971	964	964	966	966	968	967	967	973	
500	966	971	969	976	968	966	971	980	976	969	976	970	977	968	979	976	966	973	972	965	976	971	965	969	966	966	968	971	969	973	
550	969	975	969	976	968	971	974	980	976	972	976	970	977	972	979	976	966	973	972	969	976	981	968	969	966	968	968	974	969	973	
600	969	975	971	976	971	971	974	980	976	972	976	973	977	973	979	976	968	973	972	969	976	981	968	975	966	968	968	979	969	973	
650	969	976	971	976	974	976	982	980	976	972	976	973	979	973	979	976	968	978	972	970	976	981	972	975	966	978	968	979	971	973	
700	974	976	976	976	974	976	982	980	976	972	978	978	979	973	979	976	972	978	972	970	979	981	975	975	966	978	974	979	981	973	
750	977	976	976	980	979	976	982	980	982	975	978	978	979	975	979	976	972	986	974	993	979	981	978	975	966	978	974	980	981	973	
800	977	982	976	980	979	977	982	982	982	975	978	985	984	975	979	980	973	991	978	993	979	981	981	979	966	978	979	981	981	982	
850	981	982	978	984	979	977	982	983	982	981	978	985	988	975	979	980	978	991	978	993	979	981	981	979	967	979	979	984	981	982	
900	981	982	978	984	979	977	982	983	982	981	978	985	991	975	980	980	978	991	979	993	979	982	981	979	974	987	979	985	981	982	
950	981	982	979	984	979	977	982	983	982	981	983	985	991	979	980	980	978	991	979	993	979	986	982	981	974	987	979	992	984	982	
1000	981	983	982	985	980	990	982	983	982	981	983	986	991	979	980	985	978	991	981	993	982	986	984	981	976	989	979	992	986	982	
1050	985	983	982	985	980	990	982	983	984	981	983	991	991	979	980	985	978	991	981	993	983	986	989	984	976	989	979	992	986	983	
1100	985	983	982	985	981	990	990	983	984	984	983	991	991	979	980	996	982	997	985	993	984	986	989	984	982	989	984	992	995	983	
1150	985	987	983	985	981	990	993	987	984	984	983	991	991	979	983	996	982	997	985	993	984	987	989	984	982	989	984	997	995	985	
1200	985	989	983	985	981	990	993	987	997	987	983	996	993	983	983	996	986	997	985	993	986	992	995	988	982	996	984	997	995	988	
1250	985	994	990	985	984	991	993	987	997	987	987	996	993	984	983	996	988	997	985	993	986	992	995	993	983	996	984	997	995	988	
1300	985	994	994	985	984	991	993	987	997	987	987	996	997	984	991	996	988	997	985	993	986	993	995	993	987	996	985	997	995	988	
1350	985	994	994	987	987	991	993	987	997	991	993	996	998	989	991	996	988	997	986	993	988	996	995	993	987	996	985	997	1002	991	
1400	987	1000	994	987	987	991	994	987	997	991	993	996	998	989	991	996	991	1000	989	993	989	996	995	993	987	996	985	997	1002	991	
1450	987	1000	994	987	988	991	995	987	997	991	993	996	998	990	996	996	991	1002	989	993	989	1001	995	993	987	1000	990	997	1002	991	
1500	987	1008	994	987	988	991	997	991	997	992	993	1000	998	990	996	996	995	1007	1000	993	989	1001	995	993	987	1003	990	997	1002	991	
1550	993	1008	994	987	988	991	998	991	997	992	993	1000	998	990	996	997	995	1007	1000	993	997	1003	995	993	987	1009	990	997	1002	991	
1600	995	1008	997	987	988	997	998	991	997	992	993	1000	1000	997	996	997	995	1007	1000	996	997	1003	995	994	988	1009	990	1002	1002	993	
1650	995	1008	997	991	992	997	999	991	997	995	994	1000	1000	997	996	997	995	1007	1000	996	997	1004	996	1004	992	1009	997	1002	1002	1001	
1700	995	1008	997	995	995	997	999	995	997	996	998	1003	1005	997	996	999	995	1007	1000	996	998	1007	1002	1004	992	1009	997	1005	1002	1001	
1750	996	1008	997	995	995	997	1005	995	997	998	998	1004	1005	997	996	999	998	1016	1000	996	998	1007	1002	1004	992	1009	999	1005	1002	1002	
1800	996	1008	1002	995	995	997	1005	995	997	998	998	1005	1007	1003	997	1005	1000	1016	1000	998	998	1007	1002	1004	992	1009	999	1005	1002	1002	
1850	998	1008	1002	995	995	997	1005	1000	998	998	998	1005	1007	1003	998	1005	1001	1016	1000	998	998	1007	1008	1004	993	1011	999	1005	1003	1002	
1900	998	1008	1002	998	998	997	1005	1000	1000	1009	1005	1005	1007	1003	1000	1005	1002	1016	1000	998	999	1007	1008	1004	993	1017	1001	1006	1007	1002	
1950	998	1008	1002	998	999	1002	1005	1000	1003	1009	1005	1005	1007	1003	1000	1008	1011	1016	1000	998	999	1012	1008	1006	993	1017	1001	1015	1008	1002	
2000	998	1008	1002	998	999	1002	1006	1000	1007	1009	1005	1005	1012	1003	1000	1008	1011	1016	1000	998	1000	1014	1008	1006	993	1017	1001	1015	1008	1002	
2050	999	1008	1002	998	999	1002	1006	1000	1007	1009	1009	1012	1012	1003	1002	1008	1011	1017	1000	998	1000	1014	1008	1006	997	1017	1003	1015	1008	1002	
2100	1000	1008	1002	998	999	1002	1008	1004	1007	1009	1009	1012	1012	1003	1003	1008	1011	1017	1000	1006	1002	1014	1008	1006	997	1017	1003	1015	1008	1003	
2150	1006	1010	1003	1004	1002	1008	1010	1004	1007	1009	1014	1013	1016	1003	1003	1008	1011	1017	1000	1009	1007	1014	1009	1006	997	1020	1006	1015	1009	1005	
2200	1006	1014	1010	1004	1002	1008	1010	1004	1007	1009	1014	1013	1016	1009	1007	1008	1011	1018	1002	1009	1012	1014	1009	1006	1002	1020	1006	1015	1009	1005	
2250	1006	1014	1010	1005	1002	1008	1010	1010	1007	1009	1014	1013	1016	1009	1007	1009	1011	1018	1002	1009	1012	1014	1009	1007	1002	1020	1006	1015	1014	1005	
2300	1006	1014	1011	1005	1003	1008	1010	1010	1007	1009	1014	1013	1016	1009	1007	1009	1011	1019	1002	1009	1012	1020	1009	1011	1002	1020	1006	1015	1014	1006	
2350	1007	1014	1011	1005	1006	1008	1012	1010	1011	1009	1014	1013	1016	1009	1013	1012	1011	1020	1003	1013	1012	1020	1012	1011	1002	1022	1010	1015	1015	1006	
2400	1007	1019	1011	1005	1006	1008	1012	1010	1015	1009	1014	1013	1017	1012	1013	1016	1011	1020	1006	1013	1012	1020	1012	1011	1002	1022	1010	1015	1015	1007	
2450	1007	1019	1011	1007	1008	1013	1012	1010	1018	1009	1014	1013	1017	1012	1013	1016	1019	1023	1006	1013	1012	1022	1013	1011	1002	1023	1010	1016	1020	1015	
2500	1008	1023	1011	1010	1008	1013	1012	1010	1018	1011	1014	1016	1022	1012	1013	1017	1019	1023	1006	1013	1012	1022	1013	1017	1007	1024	1013	1016	1020	1015	
2550	1008	1023	1014	1010	1008	1013	1014	1011	1019	1011	1014	1016	1022	1012	1015	1017	1019	1023	1006	1013	1012	1022	1013	1017	1013	1025	1013	1020	1020	1015	
2600	1014	1023	1014	1010	1008	1013	1014	1018	1019	1012	1014	1016	1023	1015	1015	1017	1019	1029	1007	1014	1013	1023	1015	1017	1013	1025	1013	1021	1020	1015	
2650	1014	1023	1014	1014	1013	1013	1017	1018	1019	1013	1016	1020	1023	1015	1015	1017	1019	1029	1008	1018	1013	1023	1017	1017	1013	1028	1013	1023	1022	1015	
2700	1015	1023	1015	1014	1013	1013	1017	1018	1020	1013	1016	1020	1023	1015	1017	1020	1019	1029	1010	1018	1013	1028	1017	1018	1013	1028	1016	1023	1022	1015	
2750	1018	1023	1015	1014	1013	1015	1019	1018	1020	1013	1017	1020	1023	1016	1017	1020	1019	1029	1012	1020	1013	1028	1019	1019	1013	1028	1016	1031	1022	1016	
2800	1021	1025	1017	1015	1020	1015	1019	1018	1022	1014	1017	1020	1028	1016	1017	1020	1021	1030	1014	1020	1017	1028	1019	1019	1013	1030	1017	1031	1025	1016	
2850	1021	1026	1019	1018	1020	1015	1019	1020	1024	1015	1020	1023	1028	1017	1017	1023	1021	1030	1014	1020	1017	1028	1019	1021	1013	1030	1018	1031	1025	1016	
2900	1021	1031	1022	1018	1020	1015	1021	1024	1024	1020	1020	1023	1028	1021	1017	1023	1021	1030	1016	1022	1017	1028	1019	1021	1013	1031	1021	1031	1025	1016	
2950	1021	1031	1022	1018	1020	1019	1021	1024	1024	1020	1021	1023	1028	1023	1019	1024	1030	1030	1017	1022	1018	1028	1022	1021	1013	1033	1021	1031	1028	1020	
3000	1023	1031	1022	1018	1020	1019	1028	1024	1024	1020	1021	1023	1028	1023	1021	1026	1030	1030	1019	1022	1018	1034	1023	1021	1014	1033	1025	1031	1028	1020	
3050	1025	1031	1022	1022	1020	1019	1028	1024	1024	1020	1021	1029	1031	1023	1021	1028	1030	1034	1019	1022	1018	1034	1023	1023	1014	1033	1026	1031	1028	1020	
3100	1025	1031	1026	1022	1020	1019	1028	1024	1028	1022	1023	1029	1031	1023	1022	1028	1030	1034	1020	1022	1018	1034	1023	1026	1014	1035	1026	1031	1032	1020	
3150	1025	1031	1027	1022	1020	1019	1028	1024	1028	1022	1023	1029	1032	1027	1022	1030	1030	1034	1020	1022	1020	1034	1023	1026	1014	1035	1026	1031	1032	1022	
3200	1025	1033	1028	1022	1027	1019	1028	1028	1030	1022	1025	1029	1033	1027	1022	1030	1030	1034	1021	1027	1021	1034	1023	1026	1014	1035	1026	1034	1032	1022	
3250	1025	1033	1028	1022	1027	1021	1029	1029	1030	1023	1026	1029	1035	1030	1023	1030	1030	1034	1026	1027	1021	1035	1029	1028	1017	1035	1026	1035	1032	1022	
3300	1027	1033	1028	1023	1027	1021	1029	1029	1030	1023	1026	1029	1035	1030	1023	1030	1030	1034	1026	1030	1021	1035	1029	1030	1017	1035	1031	1035	1032	1025	
3350	1029	1033	1028	1023	1027	1024	1030	1029	1031	1023	1029	1029	1035	1030	1024	1030	1033	1035	1026	1030	1025	1035	1029	1030	1017	1035	1031	1035	1033	1025	
3400	1029	1035	1028	1023	1027	1024	1030	1029	1032	1023	1029	1030	1037	1030	1025	1032	1033	1035	1026	1030	1025	1035	1029	1030	1017	1035	1031	1035	1033	1025	
3450	1029	1036	1028	1026	1027	1024	1030	1029	1035	1026	1029	1030	1037	1030	1025	1035	1033	1035	1028	1030	1025	1035	1029	1030	1022	1035	1031	1037	1033	1025	
3500	1032	1038	1028	1026	1029	1025	1030	1030	1035	1026	1031	1030	1038	1033	1026	1035	1035	1038	1028	1030	1025	1036	1029	1031	1022	1041	1031	1037	1034	1027	
3550	1032	1038	1031	1026	1029	1025	1030	1034	1035	1027	1031	1030	1039	1033	1027	1035	1035	1038	1028	1030	1026	1036	1029	1034	1022	1041	1032	1037	1035	1028	
3600	1032	1038	1031	1026	1029	1025	1032	1034	1035	1028	1034	1033	1040	1033	1027	1036	1035	1038	1028	1032	1026	1038	1029	1035	1022	1041	1032	1037	1036	1031	
3650	1032	1041	1034	1027	1029	1025	1032	1034	1036	1029	1034	1033	1041	1033	1028	1037	1035	1039	1028	1032	1028	1038	1029	1035	1028	1041	1033	1037	1036	1031	
3700	1037	1041	1034	1027	1030	1025	1032	1035	1036	1029	1034	1036	1043	1036	1031	1037	1035	1039	1028	1032	1028	1039	1029	1036	1028	1041	1033	1037	1038	1031	
3750	1037	1041	1034	1028	1035	1027	1033	1035	1036	1031	1035	1036	1043	1036	1031	1039	1035	1039	1028	1032	1030	1039	1031	1036	1028	1041	1036	1038	1038	1031	
3800	1037	1041	1034	1029	1035	1029	1033	1037	1037	1034	1035	1036	1043	1036	1031	1039	1037	1040	1028	1032	1030	1039	1033	1036	1028	1041	1036	1039	1038	1031	
3850	1037	1042	1034	1029	1035	1029	1033	1039	1037	1034	1035	1036	1043	1037	1031	1039	1037	1042	1031	1032	1030	1040	1033	1038	1028	1041	1036	1039	1040	1031	
3900	1037	1042	1034	1031	1035	1029	1036	1039	1038	1034	1035	1037	1044	1037	1031	1039	1040	1042	1031	1034	1033	1040	1034	1038	1028	1041	1037	1039	1042	1033	
3950	1037	1042	1035	1031	1035	1029	1036	1039	1038	1036	1037	1037	1045	1038	1031	1042	1040	1042	1031	1034	1034	1041	1034	1038	1031	1043	1037	1043	1042	1033	
4000	1037	1047	1035	1031	1035	1032	1036	1039	1039	1036	1037	1038	1045	1038	1031	1042	1040	1042	1032	1034	1034	1041	1034	1039	1031	1043	1037	1043	1042	1033	
4050	1037	1047	1035	1031	1036	1032	1036	1039	1039	1036	1037	1039	1045	1038	1032	1042	1040	1042	1032	1034	1034	1041	1034	1039	1031	1043	1038	1043	1042	1033	
4100	1037	1047	1035	1031	1038	1032	1037	1041	1041	1038	1037	1039	1048	1038	1032	1043	1040	1042	1034	1035	1034	1041	1034	1039	1031	1043	1038	1044	1042	1035	
4150	1038	1047	1038	1032	1040	1032	1037	1044	1041	1038	1037	1042	1048	1038	1032	1043	1040	1042	1034	1035	1034	1042	1034	1040	1031	1043	1038	1044	1042	1035	
4200	1040	1048	1038	1034	1040	1032	1038	1044	1042	1038	1037	1042	1048	1039	1032	1043	1042	1042	1034	1035	1034	1043	1035	1040	1033	1043	1040	1044	1043	1035	
4250	1040	1048	1038	1034	1040	1032	1039	1044	1044	1038	1037	1042	1048	1041	1033	1043	1043	1043	1035	1036	1034	1043	1035	1040	1033	1043	1040	1044	1044	1039	
4300	1040	1048	1041	1035	1040	1032	1039	1044	1044	1038	1038	1042	1048	1041	1033	1043	1043	1044	1035	1038	1036	1043	1038	1041	1033	1043	1042	1048	1044	1039	
4350	1040	1048	1041	1035	1041	1033	1039	1044	1044	1038	1039	1042	1048	1042	1033	1045	1043	1044	1036	1038	1036	1043	1038	1041	1034	1043	1042	1048	1044	1039	
4400	1042	1048	1041	1036	1041	1036	1039	1044	1044	1038	1041	1042	1049	1042	1033	1045	1043	1044	1037	1038	1039	1043	1038	1041	1034	1045	1042	1048	1046	1039	
4450	1042	1048	1041	1036	1042	1036	1040	1044	1044	1040	1041	1042	1049	1042	1034	1045	1043	1044	1038	1038	1039	1043	1038	1041	1034	1045	1042	1048	1046	1039	
4500	1042	1050	1041	1036	1043	1036	1040	1044	1044	1041	1041	1042	1049	1044	1034	1045	1044	1044	1038	1040	1039	1044	1038	1041	1036	1045	1044	1049	1046	1039	
4550	1042	1050	1041	1038	1043	1036	1040	1044	1045	1041	1041	1043	1050	1046	1034	1046	1044	1044	1041	1040	1040	1044	1039	1043	1039	1045	1045	1049	1046	1042	
4600	1042	1050	1041	1038	1043	1036	1040	1045	1045	1041	1042	1044	1050	1046	1035	1047	1044	1044	1041	1040	1040	1044	1039	1043	1039	1045	1046	1049	1046	1042	
4650	1042	1050	1042	1038	1043	1039	1042	1045	1046	1043	1044	1045	1050	1046	1036	1047	1045	1044	1041	1040	1040	1044	1039	1043	1039	1046	1046	1049	1047	1042	
4700	1042	1050	1046	1040	1043	1039	1042	1045	1046	1043	1044	1045	1052	1047	1037	1048	1046	1044	1042	1040	1040	1044	1041	1043	1040	1046	1046	1049	1047	1042	
4750	1042	1050	1046	1040	1045	1039	1042	1045	1048	1043	1044	1045	1052	1049	1037	1048	1046	1045	1042	1040	1041	1044	1041	1043	1040	1046	1046	1049	1047	1043	
4800	1042	1050	1046	1040	1047	1039	1042	1047	1048	1044	1044	1045	1052	1049	1037	1048	1046	1045	1043	1041	1041	1044	1042	1043	1041	1046	1047	1051	1048	1044	
4850	1042	1051	1046	1040	1047	1039	1042	1047	1048	1044	1044	1046	1052	1049	1037	1048	1046	1046	1043	1042	1041	1045	1042	1044	1042	1047	1047	1051	1049	1044	
4900	1043	1052	1046	1040	1047	1039	1043	1049	1048	1044	1044	1046	1052	1049	1037	1048	1046	1046	1043	1042	1041	1045	1042	1044	1042	1047	1047	1051	1049	1044	
4950	1043	1052	1046	1040	1047	1040	1043	1049	1048	1045	1044	1046	1052	1049	1037	1048	1046	1046	1043	1042	1042	1045	1042	1044	1044	1047	1047	1051	1049	1045	
5000	1043	1052	1046	1040	1048	1040	1043	1049	1049	1045	1044	1046	1052	1050	1037	1049	1046	1046	1045	1042	1042	1045	1043	1044	1045	1047	1047	1051	1049	1045	
5050	1044	1052	1046	1042	1048	1040	1043	1049	1050	1045	1044	1046	1052	1050	1038	1049	1046	1046	1045	1042	1042	1045	1043	1044	1045	1047	1049	1051	1049	1045	
5100	1044	1052	1046	1042	1048	1040	1044	1049	1050	1045	1045	1046	1052	1050	1038	1049	1048	1046	1045	1042	1043	1045	1043	1044	1047	1047	1049	1051	1049	1046	
5150	1044	1052	1046	1042	1049	1041	1044	1049	1050	1045	1045	1046	1052	1050	1040	1050	1048	1046	1045	1042	1043	1045	1043	1044	1047	1048	1049	1051	1049	1046	
5200	1045	1053	1046	1042	1049	1041	1044	1050	1050	1045	1045	1046	1053	1050	1040	1050	1048	1046	1045	1042	1043	1045	1043	1045	1047	1048	1049	1051	1049	1046	
5250	1047	1055	1047	1042	1049	1041	1044	1050	1051	1046	1045	1046	1053	1050	1040	1050	1048	1046	1045	1043	1044	1045	1043	1045	1047	1048	1050	1052	1049	1047	
5300	1047	1055	1047	1042	1050	1043	1044	1050	1051	1046	1045	1046	1053	1050	1040	1050	1048	1046	1046	1043	1044	1045	1046	1045	1047	1048	1050	1052	1050	1047	
5350	1047	1055	1047	1042	1050	1043	1044	1050	1052	1047	1045	1047	1053	1050	1040	1050	1048	1046	1046	1043	1044	1045	1046	1045	1047	1048	1050	1052	1050	1047	
5400	1047	1055	1047	1042	1050	1043	1044	1050	1052	1047	1046	1047	1053	1051	1040	1050	1048	1046	1047	1043	1044	1045	1046	1045	1047	1048	1050	1052	1050	1048	
5450	1047	1055	1047	1043	1051	1043	1044	1051	1052	1047	1046	1047	1053	1051	1040	1050	1048	1046	1047	1044	1044	1045	1046	1045	1047	1048	1050	1052	1050	1048	
5500	1047	1055	1047	1043	1052	1043	1044	1052	1052	1047	1046	1047	1053	1052	1040	1050	1048	1046	1048	1044	1044	1045	1046	1045	1047	1048	1050	1052	1050	1048	
5550	1047	1055	1048	1043	1052	1043	1044	1052	1053	1048	1046	1047	1053	1052	1040	1050	1048	1046	1048	1044	1044	1045	1046	1045	1048	1048	1051	1052	1050	1048	
5600	1048	1055	1048	1043	1052	1044	1044	1052	1053	1048	1046	1047	1053	1052	1040	1050	1048	1046	1048	1044	1044	1045	1046	1045	1048	1048	1052	1052	1050	1049	
5650	1048	1055	1048	1043	1052	1044	1044	1052	1053	1048	1046	1047	1053	1052	1040	1050	1049	1046	1048	1044	1044	1045	1046	1045	1048	1048	1052	1052	1051	1049	
5700	1048	1055	1048	1043	1052	1044	1044	1052	1053	1048	1046	1047	1053	1052	1040	1050	1049	1047	1049	1044	1045	1045	1047	1045	1048	1048	1052	1052	1051	1049	
5750	1048	1055	1048	1044	1052	1044	1044	1052	1053	1048	1046	1047	1053	1052	1040	1050	1049	1047	1049	1044	1045	1045	1048	1045	1049	1048	1052	1052	1051	1049	
5800	1048	1055	1048	1044	1055	1044	1045	1052	1053	1048	1046	1047	1053	1052	1040	1050	1049	1047	1049	1044	1046	1045	1049	1045	1049	1048	1052	1053	1051	1049	
5850	1048	1055	1048	1044	1055	1045	1045	1052	1053	1048	1046	1047	1053	1052	1040	1050	1049	1047	1050	1044	1046	1045	1049	1045	1049	1048	1053	1053	1051	1050	
5900	1048	1055	1048	1044	1055	1046	1045	1052	1054	1048	1046	1047	1053	1052	1040	1050	1049	1047	1050	1044	1046	1045	1049	1045	1050	1048	1053	1053	1051	1050	
5950	1048	1055	1048	1044	1055	1046	1045	1052	1054	1048	1046	1047	1053	1052	1042	1050	1050	1047	1050	1044	1046	1045	1049	1045	1050	1048	1053	1053	1051	1051	
6000	1049	1055	1048	1044	1055	1046	1045	1052	1054	1048	1046	1047	1053	1052	1042	1050	1050	1047	1050	1044	1046	1045	1049	1045	1050	1048	1053	1053	1051	1051	
6050	1049	1055	1048	1044	1055	1046	1045	1052	1054	1048	1046	1047	1053	1052	1042	1050	1050	1047	1050	1044	1046	1045	1049	1045	1050	1048	1053	1053	1051	1051	
6100	1049	1055	1048	1045	1055	1046	1045	1052	1054	1048	1046	1047	1053	1052	1042	1050	1050	1047	1050	1044	1046	1045	1049	1045	1051	1048	1053	1053	1051	1051	
6150	1049	1055	1048	1045	1055	1046	1045	1052	1054	1048	1046	1047	1053	1052	1042	1050	1050	1048	1050	1044	1046	1045	1049	1045	1051	1048	1053	1053	1051	1051	
6200	1049	1055	1048	1045	1056	1046	1045	1052	1054	1048	1046	1047	1053	1052	1042	1050	1050	1048	1050	1044	1046	1045	1049	1045	1051	1048	1053	1053	1051	1051	
6250	1049	1055	1048	1045	1056	1047	1045	1052	1054	1048	1046	1047	1053	1052	1042	1050	1050	1048	1050	1044	1046	1045	1049	1045	1051	1048	1053	1053	1051	1051	
6300	1049	1055	1048	1045	1056	1047	1045	1052	1054	1048	1046	1047	1053	1052	1042	1050	1050	1048	1051	1044	1046	1045	1049	1045	1051	1048	1053	1053	1051	1051	
6350	1049	1055	1048	1045	1056	1047	1045	1052	1054	1048	1046	1047	1053	1052	1042	1050	1050	1048	1051	1044	1046	1045	1049	1045	1051	1048	1053	1053	1051	1051	
6400	1049	1055	1048	1045	1056	1047	1045	1052	1054	1048	1046	1047	1053	1052	1042	1050	1050	1048	1051	1044	1046	1045	1049	1045	1051	1048	1053	1053	1051	1051	
6450	1049	1055	1048	1045	1056	1047	1045	1052	1054	1048	1046	1047	1053	1052	1042	1050	1050	1048	1051	1044	1046	1045	1049	1045	1052	1048	1053	1053	1051	1051	
6500	1049	1055	1048	1045	1056	1047	1045	1052	1054	1048	1046	1047	1053	1052	1042	1050	1050	1048	1051	1044	1046	1045	1049	1045	1052	1048	1053	1053	1051	1051	
6550	1049	1055	1048	1045	1056	1047	1045	1052	1054	1048	1046	1047	1053	1052	1042	1050	1050	1048	1051	1044	1046	1045	1049	1045	1052	1048	1053	1053	1051	1051	
6600	1049	1055	1048	1045	1056	1047	1045	1052	1054	1048	1046	1047	1053	1052	1042	1050	1050	1048	1051	1044	1046	1045	1049	1045	1052	1048	1053	1053	1051	1051	
6650	1049	1055	1048	1045	1056	1047	1045	1052	1054	1048	1046	1047	1053	1052	1043	1050	1050	1048	1051	1044	1046	1045	1049	1045	1052	1048	1053	1053	1051	1051	
6700	1049	1055	1048	1045	1056	1047	1045	1052	1054	1048	1046	1047	1053	1052	1043	1050	1050	1048	1051	1044	1046	1045	1049	1045	1052	1048	1053	1053	1051	1051	
6750	1049	1055	1048	1045	1056	1047	1045	1052	1054	1048	1046	1047	1053	1052	1043	1050	1050	1048	1051	1044	1046	1045	1049	1045	1052	1048	1053	1053	1051	1051	
6850	1049	1055	1048	1045	1056	1047	1045	1052	1054	1048	1046	1047	1053	1052	1044	1050	1050	1048	1051	1044	1046	1045	1049	1045	1052	1048	1053	1053	1051	1051	
6900	1049	1055	1048	1045	1056	1047	1045	1052	1054	1048	1046	1047	1053	1052	1044	1050	1050	1048	1051	1044	1046	1045	1049	1045	1052	1048	1053	1053	1051	1051	
6950	1050	1055	1048	1045	1056	1047	1045	1052	1054	1048	1046	1047	1053	1052	1044	1050	1051	1048	1051	1044	1046	1045	1049	1045	1052	1048	1053	1053	1051	1051	
7000	1050	1055	1048	1045	1056	1047	1045	1052	1054	1048	1046	1047	1053	1052	1044	1050	1051	1048	1051	1044	1046	1045	1049	1045	1052	1048	1053	1053	1051	1051	
7050	1050	1055	1048	1045	1056	1047	1045	1052	1054	1048	1046	1047	1053	1052	1044	1050	1051	1048	1051	1044	1046	1045	1049	1045	1052	1048	1053	1053	1051	1051	
7100	1050	1055	1048	1045	1056	1047	1045	1052	1054	1048	1046	1047	1053	1052	1044	1050	1051	1048	1051	1044	1046	1045	1049	1045	1052	1048	1053	1053	1051	1051	
7150	1050	1055	1048	1045	1056	1047	1045	1052	1054	1048	1046	1047	1053	1052	1044	1050	1051	1048	1051	1044	1046	1045	1049	1045	1052	1048	1053	1053	1051	1051	
7200	1050	1055	1048	1045	1056	1047	1045	1052	1054	1048	1046	1047	1053	1052	1044	1050	1051	1048	1051	1044	1046	1045	1049	1045	1053	1048	1053	1053	1051	1051	
7250	1050	1055	1048	1045	1056	1047	1045	1052	1054	1048	1046	1047	1053	1052	1044	1050	1051	1048	1051	1044	1046	1045	1049	1045	1053	1048	1053	1053	1051	1051	
7300	1051	1055	1048	1045	1056	1047	1045	1052	1054	1048	1046	1047	1053	1052	1044	1050	1051	1048	1051	1044	1046	1045	1049	1045	1053	1048	1053	1053	1051	1051	
7350	1051	1055	1048	1045	1056	1047	1045	1052	1054	1048	1046	1047	1053	1052	1044	1050	1051	1048	1051	1044	1046	1045	1049	1045	1053	1048	1053	1053	1051	1051	
7400	1051	1055	1048	1045	1056	1047	1045	1052	1054	1048	1046	1047	1053	1052	1044	1050	1051	1048	1051	1044	1046	1045	1049	1045	1053	1048	1053	1053	1051	1051	
7450	1051	1055	1048	1045	1056	1047	1045	1052	1054	1048	1046	1047	1053	1052	1044	1050	1051	1048	1051	1044	1046	1045	1049	1045	1053	1048	1053	1053	1051	1051	
7500	1051	1055	1048	1045	1056	1047	1045	1052	1054	1048	1046	1047	1053	1052	1044	1050	1051	1048	1051	1044	1046	1045	1049	1045	1053	1048	1053	1053	1051	1051	
7550	1051	1055	1048	1045	1056	1047	1045	1052	1054	1048	1046	1047	1053	1052	1044	1050	1051	1048	1051	1044	1046	1045	1049	1045	1053	1048	1053	1053	1051	1051	
7600	1051	1055	1048	1045	1056	1047	1045	1052	1054	1048	1046	1047	1053	1052	1044	1050	1051	1048	1051	1044	1046	1045	1049	1045	1053	1048	1053	1053	1051	1051	
7650	1051	1055	1048	1045	1056	1047	1045	1052	1054	1048	1046	1047	1053	1052	1044	1050	1051	1048	1051	1044	1046	1045	1049	1045	1053	1048	1053	1053	1051	1051	
7700	1051	1055	1048	1045	1056	1047	1045	1052	1054	1048	1046	1047	1053	1052	1044	1050	1051	1048	1051	1044	1046	1045	1049	1045	1053	1048	1053	1053	1051	1051	
7750	1051	1055	1048	1045	1056	1047	1045	1052	1054	1048	1046	1047	1053	1052	1044	1050	1051	1048	1051	1044	1046	1045	1049	1045	1053	1048	1053	1053	1051	1051	
7800	1051	1055	1048	1045	1056	1047	1045	1052	1054	1048	1046	1047	1053	1052	1044	1050	1051	1048	1051	1044	1046	1045	1049	1045	1053	1048	1053	1053	1051	1051	
7850	1051	1055	1048	1045	1056	1047	1045	1052	1054	1048	1046	1047	1053	1052	1044	1050	1051	1048	1051	1044	1046	1045	1049	1045	1053	1048	1053	1053	1051	1051	
7900	1051	1055	1048	1045	1056	1047	1045	1052	1054	1048	1046	1047	1053	1052	1044	1050	1051	1048	1051	1044	1046	1045	1049	1045	1053	1048	1053	1053	1051	1051	
7950	1051	1055	1048	1045	1056	1047	1045	1052	1054	1048	1046	1047	1053	1052	1044	1050	1051	1048	1051	1044	1046	1045	1049	1045	1053	1048	1053	1053	1051	1051	
8000	1051	1055	1048	1045	1056	1047	1045	1052	1054	1048	1046	1047	1053	1052	1044	1050	1051	1048	1051	1044	1046	1045	1049	1045	1053	1048	1053	1053	1051	1051	
8050	1051	1055	1048	1045	1056	1047	1045	1052	1054	1048	1046	1047	1053	1052	1044	1050	1051	1048	1051	1044	1046	1045	1049	1045	1053	1048	1053	1053	1051	1051	
8150	1051	1055	1048	1045	1056	1047	1045	1052	1054	1048	1046	1047	1053	1052	1044	1050	1051	1048	1051	1044	1046	1045	1049	1045	1053	1048	1053	1053	1051	1051	
8200	1051	1055	1048	1045	1056	1047	1045	1052	1054	1048	1046	1047	1053	1052	1044	1050	1051	1048	1051	1044	1046	1045	1049	1045	1053	1048	1053	1053	1051	1051	
8250	1051	1055	1048	1045	1056	1047	1045	1052	1054	1048	1046	1047	1053	1052	1044	1050	1051	1048	1051	1044	1046	1045	1049	1045	1053	1048	1053	1053	1051	1051	
8300	1051	1055	1048	1045	1056	1047	1045	1052	1054	1048	1046	1047	1053	1052	1044	1050	1051	1048	1051	1044	1046	1045	1049	1045	1053	1048	1053	1053	1051	1051	
8350	1051	1055	1048	1045	1056	1047	1045	1052	1054	1048	1046	1047	1053	1052	1044	1050	1051	1048	1051	1044	1046	1045	1049	1045	1053	1048	1053	1053	1051	1051	
8400	1051	1055	1048	1045	1056	1047	1045	1052	1054	1048	1046	1047	1053	1052	1044	1050	1051	1048	1051	1044	1046	1045	1049	1045	1053	1048	1053	1053	1051	1051	
8450	1051	1055	1048	1045	1056	1047	1045	1052	1054	1048	1046	1047	1053	1052	1044	1050	1051	1048	1051	1044	1046	1045	1049	1045	1053	1048	1053	1053	1051	1051	
8500	1051	1055	1048	1045	1056	1047	1045	1052	1054	1048	1046	1047	1053	1052	1044	1050	1051	1048	1051	1044	1046	1045	1049	1045	1053	1048	1053	1053	1051	1051	
8550	1051	1055	1048	1045	1056	1047	1045	1052	1054	1048	1046	1047	1053	1052	1044	1050	1051	1048	1051	1044	1046	1045	1049	1045	1053	1048	1053	1053	1051	1051	
8600	1051	1055	1048	1045	1056	1047	1045	1052	1054	1048	1046	1047	1053	1052	1044	1050	1051	1048	1051	1044	1046	1045	1049	1045	1053	1048	1053	1053	1051	1051	
8650	1051	1055	1048	1045	1056	1047	1045	1052	1054	1048	1046	1047	1053	1052	1044	1050	1051	1048	1051	1044	1046	1045	1049	1045	1053	1048	1053	1053	1051	1051	
8700	1051	1055	1048	1045	1056	1047	1045	1052	1054	1048	1046	1047	1053	1052	1044	1050	1051	1048	1051	1044	1046	1045	1049	1045	1053	1048	1053	1053	1051	1051	
8750	1051	1055	1048	1045	1056	1047	1045	1052	1054	1048	1046	1047	1053	1052	1044	1050	1051	1048	1051	1044	1046	1045	1049	1045	1053	1048	1053	1053	1051	1051	
8800	1051	1055	1048	1045	1056	1047	1045	1052	1054	1048	1046	1047	1053	1052	1044	1050	1051	1048	1051	1044	1046	1045	1049	1045	1053	1048	1053	1053	1051	1051	
8850	1051	1055	1048	1045	1056	1047	1045	1052	1054	1048	1046	1047	1053	1052	1044	1050	1051	1048	1051	1044	1046	1045	1049	1045	1053	1048	1053	1053	1051	1051	
8950	1051	1055	1048	1045	1056	1047	1045	1052	1054	1048	1046	1047	1053	1052	1044	1050	1051	1048	1051	1044	1046	1045	1049	1045	1053	1048	1053	1053	1051	1051	
9000	1051	1055	1048	1045	1056	1047	1045	1052	1054	1048	1046	1047	1053	1052	1044	1050	1051	1048	1051	1044	1046	1045	1049	1045	1053	1048	1053	1053	1051	1051	
9050	1051	1055	1048	1045	1056	1047	1045	1052	1054	1048	1046	1047	1053	1052	1044	1050	1051	1048	1051	1044	1046	1045	1049	1045	1053	1048	1053	1053	1051	1051	
9100	1051	1055	1048	1045	1056	1047	1045	1052	1054	1048	1046	1047	1053	1052	1044	1050	1051	1048	1051	1044	1046	1045	1049	1045	1053	1048	1053	1053	1051	1051	
9150	1051	1055	1048	1045	1056	1047	1045	1052	1054	1048	1046	1047	1053	1052	1044	1050	1051	1048	1051	1044	1046	1045	1049	1045	1053	1048	1053	1053	1051	1051	
9200	1051	1055	1048	1045	1056	1047	1045	1052	1054	1048	1046	1047	1053	1052	1044	1050	1051	1048	1051	1044	1046	1045	1049	1045	1053	1048	1053	1053	1051	1051	
9250	1051	1055	1048	1045	1056	1047	1045	1052	1054	1048	1046	1047	1053	1052	1044	1050	1051	1048	1051	1044	1046	1045	1049	1045	1053	1048	1053	1053	1051	1051	
9300	1051	1055	1048	1045	1056	1047	1045	1052	1054	1048	1046	1047	1053	1052	1044	1050	1051	1048	1051	1044	1046	1045	1049	1045	1053	1048	1053	1053	1051	1051	
9350	1051	1055	1048	1045	1056	1047	1045	1052	1054	1048	1046	1047	1053	1052	1044	1050	1051	1048	1051	1044	1046	1045	1049	1045	1053	1048	1053	1053	1051	1051	
9400	1051	1055	1048	1045	1056	1047	1045	1052	1054	1048	1046	1047	1053	1052	1044	1050	1051	1048	1051	1044	1046	1045	1049	1045	1053	1048	1053	1053	1051	1051	
9450	1051	1055	1048	1045	1056	1047	1045	1052	1054	1048	1046	1047	1053	1052	1044	1050	1051	1048	1051	1044	1046	1045	1049	1045	1053	1048	1053	1053	1051	1051	
9500	1051	1055	1048	1045	1056	1047	1045	1052	1054	1048	1046	1047	1053	1052	1044	1050	1051	1048	1051	1044	1046	1045	1049	1045	1053	1048	1053	1053	1051	1051	
9550	1051	1055	1048	1045	1056	1047	1045	1052	1054	1048	1046	1047	1053	1052	1044	1050	1051	1048	1051	1044	1046	1045	1049	1045	1053	1048	1053	1053	1051	1051	
9600	1051	1055	1048	1045	1056	1047	1045	1052	1054	1048	1046	1047	1053	1052	1044	1050	1051	1048	1051	1044	1046	1045	1049	1045	1053	1048	1053	1053	1051	1051	
9650	1051	1055	1048	1045	1056	1047	1045	1052	1054	1048	1046	1047	1053	1052	1044	1050	1051	1048	1051	1044	1046	1045	1049	1045	1053	1048	1053	1053	1051	1051	
9750	1051	1055	1048	1045	1056	1047	1045	1052	1054	1048	1046	1047	1053	1052	1044	1050	1051	1048	1051	1044	1046	1045	1049	1045	1053	1048	1053	1053	1051	1051	
9800	1051	1055	1048	1045	1056	1047	1045	1052	1054	1048	1046	1047	1053	1052	1044	1050	1051	1048	1051	1044	1046	1045	1049	1045	1053	1048	1053	1053	1051	1051	
9850	1051	1055	1048	1045	1056	1047	1045	1052	1054	1048	1046	1047	1053	1052	1044	1050	1051	1048	1051	1044	1046	1045	1049	1045	1053	1048	1053	1053	1051	1051	
9900	1051	1055	1048	1045	1056	1047	1045	1052	1054	1048	1046	1047	1053	1052	1044	1050	1051	1048	1051	1044	1046	1045	1049	1045	1053	1048	1053	1053	1051	1051	
9950	1051	1055	1048	1045	1056	1047	1045	1052	1054	1048	1046	1047		1052	1044		1051	1048	1051		1046		1049		1053		1053	1053	1051	1051	
10000	1051			1045	1056	1047									1044		1051		1051						1053						
																									1053						
