From log file: logs/4withboth.txt

Evals | 1 2 3 ... AVG
150	933	933	934	933	933	933	933	933	932	933	935	932	935	932	935	933	934	935	932	933	934	935	934	935	935	934	934	933	933	932	
200	935	934	935	935	935	935	935	934	933	936	936	935	936	934	937	935	938	937	934	935	937	937	936	936	935	936	935	935	935	935	
250	937	936	937	937	937	937	937	936	935	939	938	937	937	936	939	937	940	939	936	937	939	940	938	937	937	939	937	937	937	936	
300	939	937	939	939	939	939	939	938	937	941	939	939	938	939	941	939	941	941	937	939	941	943	940	938	938	941	939	939	938	938	
350	942	939	941	941	942	942	940	939	938	944	940	941	940	941	943	941	944	943	939	940	942	945	942	940	940	943	941	941	941	940	
400	944	941	944	943	944	943	942	941	940	945	943	943	941	943	945	943	945	945	942	942	944	947	944	942	942	946	942	943	944	942	
450	945	944	946	945	946	944	943	942	942	947	944	945	943	945	947	945	947	948	944	943	947	950	945	944	944	948	944	945	946	944	
500	947	946	949	947	947	946	945	944	944	949	947	947	944	946	949	948	950	950	947	944	949	952	947	946	946	950	946	947	948	946	
550	949	948	951	949	949	948	947	946	946	951	949	949	947	948	951	950	951	952	948	946	951	954	950	948	948	953	948	949	950	948	
600	950	950	953	951	950	950	949	947	948	953	951	950	949	949	953	953	953	954	951	948	953	955	951	951	951	956	949	951	952	950	
650	952	952	955	953	951	952	951	949	950	955	953	952	950	950	955	956	956	956	954	949	956	957	953	953	953	958	951	954	953	951	
700	953	953	957	955	952	954	952	950	952	957	955	953	952	951	956	958	958	959	956	950	958	958	954	954	954	960	952	956	955	953	
750	955	955	958	957	953	955	954	952	953	958	956	955	954	952	958	960	959	961	959	952	960	960	955	956	956	962	954	958	957	955	
800	957	957	960	958	955	957	956	953	955	959	958	956	956	954	960	962	960	962	961	953	962	962	956	959	957	964	955	960	959	956	
850	958	958	961	960	956	959	957	955	956	961	960	958	958	956	962	964	962	964	963	954	963	963	957	961	959	966	956	962	961	958	
900	959	960	963	961	957	960	958	957	959	962	961	960	959	957	964	965	963	965	964	956	965	965	958	963	960	968	957	964	963	959	
950	961	963	964	963	958	961	960	958	960	963	963	962	961	959	966	966	964	967	966	958	967	967	959	965	962	969	958	965	965	961	
1000	962	965	966	964	960	962	962	959	962	965	964	963	962	961	967	968	964	968	967	960	968	968	960	966	963	971	959	967	967	962	
1050	964	966	967	966	961	964	962	960	964	966	966	964	963	963	970	969	965	969	969	962	970	970	961	968	964	972	960	968	969	964	
1100	965	968	969	967	962	965	964	962	965	967	967	966	964	964	971	970	966	971	970	963	971	972	962	970	965	973	961	969	971	965	
1150	966	969	971	969	963	967	965	963	967	968	969	967	965	966	973	971	967	972	971	965	972	974	963	971	967	973	962	970	973	966	
1200	967	970	973	971	964	968	967	964	970	969	971	968	966	968	974	973	968	973	972	967	973	975	964	973	968	974	963	971	975	968	
1250	968	972	974	973	965	969	968	966	971	971	973	969	967	968	975	974	968	973	973	968	974	976	965	975	969	974	965	972	977	969	
1300	970	973	976	974	966	970	969	968	972	972	974	971	968	970	976	975	969	974	975	969	975	977	966	977	970	975	967	972	979	970	
1350	971	974	978	976	967	971	970	969	974	973	976	972	969	971	978	976	970	975	976	970	976	979	967	979	971	976	968	973	981	972	
1400	972	976	980	977	968	972	971	971	975	974	977	973	970	972	978	977	971	976	978	971	977	980	968	981	972	977	970	974	982	973	
1450	973	976	981	979	970	973	972	973	976	976	979	974	971	973	979	978	972	977	980	972	978	981	968	982	973	978	972	975	983	974	
1500	974	977	982	981	971	973	973	974	978	977	980	975	972	974	980	979	973	978	981	973	979	983	969	984	974	979	973	976	983	975	
1550	975	978	984	982	973	974	974	976	979	979	981	976	974	975	981	980	974	978	983	974	981	985	970	985	975	980	974	977	984	976	
1600	976	979	985	983	974	975	975	976	980	981	982	977	975	976	983	981	975	979	984	975	982	987	971	986	976	981	975	978	985	976	
1650	976	980	986	985	975	976	976	977	980	983	983	978	976	977	984	981	976	980	985	976	984	988	972	988	977	981	976	980	986	977	
1700	977	981	987	986	975	977	977	978	981	984	984	979	977	977	985	982	978	980	986	977	985	990	973	988	978	982	978	980	987	978	
1750	978	982	988	987	976	978	978	978	982	985	985	980	978	978	986	982	979	981	986	978	986	991	974	989	979	983	979	981	988	978	
1800	978	983	988	989	977	979	979	978	983	986	985	981	980	979	987	983	979	982	987	979	988	992	975	990	980	984	980	982	989	979	
1850	979	984	989	989	977	980	980	978	984	987	986	982	981	979	988	984	980	984	988	980	990	994	975	991	980	985	981	983	990	980	
1900	980	985	990	991	978	982	980	979	985	987	986	983	984	980	988	985	980	985	989	981	991	994	976	991	981	985	982	984	991	981	
1950	981	986	991	992	979	983	981	979	986	988	987	984	985	980	989	986	981	987	991	981	992	995	977	992	982	986	983	985	991	982	
2000	981	987	991	993	980	984	982	980	987	989	988	984	986	981	990	987	982	989	991	982	993	996	978	992	982	986	984	985	992	982	
2050	982	988	992	993	981	985	982	980	988	989	988	985	987	981	991	988	983	990	992	983	994	998	979	993	983	986	984	986	993	983	
2100	983	989	993	994	981	987	983	981	989	990	989	986	989	982	991	988	984	990	993	983	995	999	980	994	983	986	985	986	993	984	
2150	984	990	994	994	982	988	983	981	989	990	990	987	989	983	992	989	985	991	993	984	996	1000	981	994	984	987	986	987	994	985	
2200	985	991	996	994	983	989	983	982	990	991	990	988	990	983	993	990	986	992	994	985	997	1000	981	995	985	987	987	987	994	986	
2250	985	992	997	995	984	990	984	982	991	991	991	988	990	983	994	991	987	993	995	986	998	1001	982	995	986	987	987	988	995	987	
2300	986	992	998	995	984	991	984	983	992	991	992	989	990	984	995	993	987	993	995	986	999	1002	982	995	987	987	988	989	995	987	
2350	987	993	998	995	985	992	984	983	992	992	993	990	991	985	996	993	987	994	995	987	1000	1003	982	996	988	987	988	989	995	988	
2400	988	993	999	996	986	992	984	984	992	993	994	990	992	985	997	994	988	994	996	988	1000	1004	983	996	989	988	988	990	996	989	
2450	988	994	999	996	987	994	984	984	993	993	994	991	992	986	998	995	988	995	996	988	1001	1005	983	997	989	988	989	990	996	989	
2500	989	995	1000	997	988	994	984	985	993	993	995	991	993	987	999	995	989	996	996	989	1003	1006	984	997	990	988	989	991	996	990	
2550	989	995	1000	998	989	995	984	985	994	994	995	992	994	987	999	996	989	996	997	990	1004	1006	984	998	991	988	989	991	996	990	
2600	990	995	1001	999	990	996	985	986	995	994	996	993	995	988	999	996	990	997	997	991	1005	1006	985	999	991	988	989	992	996	991	
2650	990	996	1001	1000	990	997	986	986	995	994	996	993	995	989	999	996	990	998	998	992	1005	1007	985	999	992	988	990	993	996	991	
2700	991	996	1002	1001	991	997	986	986	996	995	997	993	995	989	999	997	991	998	998	992	1006	1007	986	1000	992	988	990	993	996	992	
2750	991	997	1002	1001	991	998	987	987	996	995	998	994	995	989	999	997	992	999	999	993	1007	1007	987	1001	993	988	990	994	978	993	
2800	992	997	1003	1001	991	998	987	987	997	996	998	994	996	990	1000	997	993	999	999	994	1007	1007	987	1002	993	988	990	994	993	993	
2850	993	997	1003	1002	992	999	988	987	997	996	999	995	996	991	1000	998	994	1000	1000	994	1008	1007	988	1003	994	988	991	994	996	994	
2900	993	997	1004	1002	992	999	989	988	997	997	999	995	996	991	1000	998	994	1000	1000	994	1008	1007	988	1003	994	989	991	994	996	994	
2950	994	998	1004	1002	993	999	990	988	997	997	999	996	996	992	1000	998	995	1001	1001	994	1009	1007	989	1004	994	989	992	995	996	995	
3000	994	999	1004	1002	994	1000	991	989	998	997	1000	997	996	993	1000	999	995	1002	1002	995	1009	1007	989	1004	995	989	992	995	996	996	
3050	995	1000	1005	1003	994	1000	992	989	998	997	1000	997	996	993	1000	999	996	1002	1003	995	1010	1007	990	1005	995	989	992	995	996	996	
3100	995	1000	1006	1003	994	1001	992	989	999	998	1001	998	997	993	977	999	996	1003	1003	995	1010	1008	990	1005	996	989	992	996	996	997	
3150	996	1001	1006	1003	994	1001	992	990	999	998	1001	998	997	993	992	1000	996	1004	1004	995	1011	1008	990	1005	996	989	992	996	996	997	
3200	996	1001	1007	1003	994	1002	993	990	999	999	1002	998	997	993	1000	1000	997	1005	1004	995	1011	1008	990	1005	996	989	993	996	996	997	
3250	997	1001	1008	1003	995	1002	993	991	1000	999	1002	999	997	994	1000	1000	997	1005	1005	996	1012	1008	990	1006	997	989	993	997	996	997	
3300	998	1002	1009	1003	995	1003	994	992	1001	1000	1002	999	997	994	1000	1000	998	1006	1005	996	1012	1008	991	1006	997	990	994	997	996	997	
3350	999	1002	1009	1003	995	1003	994	992	1001	1000	1002	999	997	994	1000	1001	998	1007	1005	996	1013	1009	991	1007	997	990	994	997	996	998	
3400	999	1002	1010	1004	995	1004	995	992	1001	1000	1003	999	997	994	1000	1001	998	1008	1005	996	1013	1009	991	1007	998	990	995	997	996	998	
3450	1000	1002	1010	1004	995	1004	995	992	1002	1001	1003	999	997	995	1000	1001	999	1008	1006	996	1014	1009	992	1007	998	990	995	998	996	999	
3500	1001	1002	1011	1004	995	1004	996	992	1002	1001	1004	1000	997	995	1000	1001	999	1009	1006	977	1014	1010	992	1007	998	990	995	998	982	999	
3550	1001	1002	1011	1004	976	1005	997	992	1003	1002	1004	1000	997	996	1000	1001	999	1010	1006	994	1014	1010	992	1007	999	990	996	998	996	999	
3600	1002	1002	1011	1005	991	1005	997	993	1003	1002	1004	1000	997	997	1000	1001	999	1010	1007	996	1015	1010	993	1008	999	990	996	998	996	999	
3650	1002	1002	1012	1005	995	1006	998	993	1004	1003	1004	1000	997	997	1000	1001	999	1011	1007	996	1015	1010	994	1008	999	974	996	998	996	1000	
3700	1003	1002	1013	1005	995	1006	999	993	1004	1003	1004	1000	997	997	1000	1001	999	1011	1008	996	1016	1010	994	1008	1000	986	996	998	996	1000	
3750	1003	1002	1013	1006	995	1007	999	993	1004	1004	1004	1000	997	997	1000	1001	1000	1011	1008	996	1016	1011	995	1008	1000	990	996	999	996	1000	
3800	1003	1003	1013	1006	995	1007	999	994	1005	1004	1004	1000	997	997	1000	1001	1000	1012	1008	996	1016	1011	995	1009	1000	990	997	999	996	1000	
3850	1003	1003	1013	1006	995	1008	1000	994	1005	1004	1004	1000	998	997	982	1001	1000	1012	1009	996	1016	1011	995	1009	1000	990	997	999	997	1000	
3900	1004	1003	1013	1006	995	1008	1001	994	1005	1004	1005	979	998	998	996	1002	1000	1013	1010	996	1016	1011	996	1009	1000	990	997	999	997	1000	
3950	1004	1003	1013	1006	995	1008	1001	994	1005	1004	1005	996	998	998	1000	1002	1000	1013	1010	996	1017	1012	996	1009	1000	990	997	999	998	1001	
4000	1005	1003	1013	1006	995	1008	1001	994	1005	1004	1005	1000	976	998	1000	1002	1000	1013	1010	996	1017	1012	996	1009	1000	990	997	999	998	1001	
4050	1005	1003	1013	1006	995	1009	1002	994	1005	1004	1006	1000	993	998	1000	1003	1000	1014	1010	996	1017	1012	997	1010	1000	990	997	999	999	1001	
4100	1005	1003	989	984	995	1009	1002	977	1005	1005	1006	1000	998	998	1000	1003	1000	1014	1010	996	1017	1013	997	1010	1000	990	980	980	999	1001	
4150	1005	1003	1010	1004	995	1010	1003	991	1005	1006	1006	1000	998	998	1000	1003	1001	1014	1010	996	994	1013	997	1010	1000	990	994	994	999	1001	
4200	1005	1003	1013	1006	995	1010	1004	994	1005	1006	1007	1000	998	998	1000	1004	1001	1014	1010	996	1013	1013	997	991	1000	990	997	999	999	1002	
4250	1005	1003	1013	1006	995	1010	1005	994	1005	1006	1007	1000	998	998	1000	1004	1001	1014	1011	996	1017	1014	997	1009	1001	990	997	999	999	1002	
4300	1005	1004	1013	1006	979	1010	1005	994	1005	1006	1008	1000	998	976	1000	1004	1001	1014	1011	996	1017	1014	997	1010	1001	990	997	999	978	1002	
4350	1006	1004	1013	1006	994	1011	1006	994	1005	1006	1008	1000	998	996	1000	1005	1001	1014	1011	996	1017	1014	997	1010	981	990	997	999	993	1002	
4400	1007	1004	1013	1006	995	1011	1006	994	1005	980	1008	1000	998	998	1000	1005	1001	1014	1011	981	1017	1014	997	1010	995	975	997	999	999	1002	
4450	1007	1004	1013	1006	995	1011	1006	994	1005	995	1009	1000	998	998	1000	1005	1001	1014	1011	995	1017	1014	997	1010	1001	988	997	999	999	1003	
4500	1007	1004	1013	1006	995	1011	1006	994	1006	1006	1009	1000	998	998	1000	1005	1001	1014	1011	996	1017	1014	997	1010	1001	990	997	999	999	1003	
4600	984	1004	1013	1006	995	1011	1006	994	1006	1006	1010	1000	998	998	1000	1005	980	1015	1011	996	1017	1015	998	1010	1001	990	997	999	999	1003	
4650	1004	1004	1013	1006	995	1011	1006	994	1006	1006	1010	1000	998	998	981	1005	997	1015	987	997	1017	1015	998	1010	1001	990	997	999	999	1003	
4700	1007	1004	1013	1006	995	1011	1006	994	1006	1006	1010	981	998	998	997	1006	1001	1015	1006	997	1017	1015	998	1010	1001	990	997	999	999	1003	
4750	1007	1004	1013	1006	995	1011	1006	994	1006	1006	1011	998	998	998	1000	1006	1001	1015	1011	997	1017	1015	998	1010	1001	990	997	999	999	1003	
4800	1007	1004	1013	1006	995	1011	1006	994	1006	1006	1011	1000	998	998	1000	1006	1001	1015	1011	997	1017	1015	980	1010	1001	990	997	999	999	1003	
4850	1007	1004	1013	1006	995	1011	1006	995	1006	1006	1012	1000	998	998	1000	1006	1001	994	1011	997	1017	1015	996	1010	1001	990	997	999	999	1003	
4900	1007	1004	990	1006	995	1011	1006	995	1006	1006	1012	1000	999	998	1000	1007	1001	1014	1011	997	1017	992	998	1010	1001	990	977	981	999	1003	
4950	1007	1004	1009	1007	995	1011	1006	995	1007	1006	1013	1000	999	998	1000	1007	1001	1016	1011	997	990	1011	998	1010	1001	990	990	997	999	981	
5000	1007	1005	1013	1007	995	1011	1007	995	1007	1006	1013	1000	999	998	1000	1007	1001	1016	1011	997	1011	1015	998	989	1001	990	997	999	999	1000	
5050	1007	1005	1013	1007	995	1011	1007	975	1007	1007	1013	1000	999	998	1000	1007	1001	1016	1011	997	1017	1015	998	1008	1001	990	997	999	999	1003	
5100	1007	1005	1013	980	974	1012	1007	991	1007	1007	1013	1000	999	983	1000	1008	1001	1016	1011	997	1017	1015	998	1010	1001	990	997	999	979	1003	
5150	1007	987	1013	996	990	1012	1007	995	985	1007	1013	1000	980	997	1000	1008	1001	1016	1011	997	1017	1015	998	1010	981	990	997	999	995	1003	
5200	1007	1003	1013	1007	995	1013	985	995	1001	1007	1014	1000	996	998	1000	1008	1001	1016	1011	977	1017	1015	998	1010	998	971	997	999	999	1003	
5250	1007	1005	1013	1007	995	1013	1003	995	1007	1007	1014	1000	999	998	1000	1009	1001	1016	1011	993	1017	1015	998	1010	1001	984	997	999	999	1003	
5300	1007	1005	1013	1007	995	1013	1007	995	1007	1007	1014	1000	999	998	1000	1009	1001	1016	1011	997	1017	1015	998	1010	1001	990	997	999	999	1003	
5400	986	1005	1013	1007	995	1014	1007	995	1007	985	1014	1000	999	998	1000	1009	982	1016	1011	997	1017	1015	998	1010	1001	990	997	999	999	1003	
5450	1002	1005	1013	1007	995	1014	1007	995	1007	1004	1014	1000	999	998	977	1010	997	1016	990	997	1017	1015	998	1010	1001	990	997	999	999	1003	
5500	1007	1005	1013	1007	995	991	1007	995	1007	1007	988	979	999	998	995	1010	1001	1017	1009	997	1017	1015	998	1010	1001	990	997	999	999	1003	
5550	1007	1005	1013	1007	995	1011	1007	995	1007	1007	1003	996	999	998	1000	1010	1001	1017	1011	997	1017	1015	998	1010	1001	990	997	999	999	1003	
5600	1007	1005	1013	1007	995	1014	1007	995	1007	1007	1014	1000	999	998	1000	1011	1001	1017	1011	997	1017	1015	980	1010	1001	990	997	999	999	1003	
5650	1007	1005	1013	1007	995	1014	1007	995	1007	1007	1014	1000	999	998	1000	1011	1001	1017	1011	997	1017	1015	996	1010	1001	990	997	999	999	1003	
5700	1007	1005	992	1007	995	1014	1007	995	1007	1007	1014	1000	999	998	1000	1011	1001	1017	1011	997	1017	994	998	1010	1001	990	977	979	999	1003	
5750	1007	1005	1011	1007	995	1014	1007	995	1007	1007	1014	1000	1000	998	1000	1011	1001	1017	1011	997	989	1013	998	1010	1001	990	991	993	999	979	
5800	1007	1005	1013	1007	995	1014	1007	995	1007	1007	1014	1000	1000	998	1000	1011	1001	994	1011	997	1007	1015	998	986	1001	990	997	999	999	996	
5850	1007	1005	1013	1007	995	1014	1007	975	1007	1007	1014	1000	1001	998	1000	1011	1001	1015	1011	997	1017	1015	998	1004	1001	990	997	999	999	1003	
5900	1007	1005	1013	984	977	1014	1007	991	1007	1007	1014	1000	1001	980	1000	1011	1001	1017	1011	997	1017	1015	998	1010	1001	990	997	999	982	1003	
5950	1007	983	1013	1004	992	1014	1007	995	987	1007	1014	1000	1001	996	1000	1011	1001	1017	1011	997	1017	1015	998	1010	980	990	997	999	996	1003	
6000	1007	999	1013	1007	995	1014	982	995	1004	1007	1014	1000	1001	998	1000	1011	1001	1017	1011	980	1017	1015	998	1010	997	974	997	999	999	1003	
6050	1007	1005	1013	1007	995	1015	1003	995	1007	1007	1014	1000	982	998	1000	1011	1001	1017	1011	993	1017	1015	998	1010	1001	988	997	999	999	1003	
6100	1007	1005	1013	1007	995	1016	1007	995	1007	1007	1014	1000	1000	998	1000	1011	1001	1017	1011	997	1017	1015	998	1010	1001	990	997	999	999	1003	
6200	979	1005	1013	1007	995	1016	1007	995	1007	983	1014	1000	1001	998	1000	1011	982	1017	1011	997	1017	1015	998	1010	1001	990	997	999	999	1003	
6250	996	1005	1013	1007	995	1016	1007	995	1007	1004	1014	1000	1001	998	984	1011	1001	1017	986	997	1017	1015	998	1010	1001	990	997	999	999	1003	
6300	1007	1005	1013	1007	995	1017	1007	995	1007	1007	990	979	1001	998	999	1011	1001	1017	1004	997	1017	1015	998	1010	1001	990	997	999	999	1003	
6350	1007	1005	1013	1007	995	1017	1007	995	1007	1007	1009	997	1001	998	1000	1011	1001	1017	1011	997	1017	1015	998	1010	1001	990	997	999	999	1003	
6400	1007	1005	1013	1007	995	1017	1007	995	1007	1007	1014	1000	1001	998	1000	1011	1001	1017	1011	997	1017	1015	981	1010	1001	990	997	999	999	1004	
6450	1007	1005	1013	1007	995	1017	1007	995	1007	1007	1014	1000	1001	998	1000	988	1001	1017	1011	997	1017	1015	997	1010	1001	990	997	999	999	1004	
6500	1007	1005	986	1007	995	1017	1007	995	1007	1007	1014	1000	1001	998	1000	1005	1001	1017	1011	997	1017	992	998	1010	1001	990	978	983	999	1005	
6550	1007	1005	999	1007	995	1017	1007	995	1007	1007	1014	1000	1001	998	1000	1011	1001	1017	1011	997	998	1012	998	1010	1001	990	992	998	999	1006	
6600	1007	1006	1013	1007	996	1017	1007	995	1007	1007	1014	1000	1001	998	1000	1011	1001	990	1011	997	1014	1015	998	989	1001	990	997	999	999	1007	
6650	1007	1007	1013	1007	997	1017	1007	975	1007	1007	1014	1000	1001	998	1000	1012	1001	1011	1011	997	1017	1015	998	1007	1001	990	997	999	999	1007	
6700	1007	1007	1013	984	997	1018	1007	992	1007	1007	1014	1000	1001	978	1000	1012	1001	1017	1011	998	1017	1015	998	1010	1001	990	997	999	984	1007	
6750	1007	1007	1013	1003	997	1018	1007	995	985	1007	1014	1000	1001	991	1000	1012	1001	1017	1011	998	1017	1015	998	1010	980	990	997	999	998	1007	
6800	1007	989	1013	1007	977	1018	991	995	1004	1007	1014	1000	1001	998	1000	1012	1001	1017	1011	998	1017	1015	998	1010	998	973	997	999	999	1007	
6850	1007	1006	1013	1007	994	1018	1007	995	1007	1007	1014	1000	980	998	1000	1012	1001	1017	1011	998	1017	1015	998	1010	1001	988	997	999	999	1007	
6900	1007	1007	1013	1007	997	1018	1007	995	1007	1007	1014	1000	997	998	1000	1012	1001	1017	1012	998	1017	1015	998	1010	1001	990	997	999	999	1007	
7000	986	1007	1013	1007	997	1018	1007	995	1007	984	1014	1000	1001	998	1000	1012	982	1017	1012	979	1017	1015	998	1010	1001	990	997	999	999	1007	
7050	1003	1007	1013	1007	997	995	1007	995	1007	1003	1014	1000	1001	998	979	1012	999	1017	1012	995	1017	1015	998	1010	1001	990	997	999	999	1008	
7100	1007	1007	1013	1007	997	1014	1007	995	1007	1007	989	980	1001	998	996	1012	1001	1017	1012	998	1017	1015	998	1010	1001	990	997	999	999	1008	
7150	1007	1007	1013	1007	997	1018	1007	995	1007	1007	1011	999	1001	998	1000	1012	1001	1017	991	998	1017	1015	998	1010	1001	990	997	999	999	983	
7200	1007	1007	1013	1007	997	1018	1007	995	1007	1007	1014	1000	1001	998	1000	1012	1001	1017	1011	998	1017	1015	980	1010	1001	990	997	999	999	1000	
7250	1007	1007	1013	1007	997	1018	1007	995	1007	1007	1014	1000	1001	998	1000	991	1001	1017	1012	998	1017	1015	995	1010	1001	990	997	999	999	1008	
7300	1007	1007	1013	1007	997	1018	1007	995	1007	1007	1014	1000	1001	998	1000	1011	1001	1017	1012	998	1017	995	998	1010	1001	990	980	980	999	1008	
7350	1007	1007	995	1007	997	1018	1007	995	1007	1007	1014	1000	1001	998	1000	1012	1001	1017	1012	998	991	1012	998	1010	1001	990	995	996	999	1008	
7400	1007	1007	1013	1007	997	1018	1007	995	1007	1007	1014	1000	1001	998	1000	1012	1001	987	1012	998	1014	1015	998	993	1001	990	997	999	999	1008	
7450	1007	1007	1014	1007	997	1018	1007	979	1007	1007	1014	1000	1001	998	1000	1012	1001	1008	1012	998	1017	1015	998	1009	1002	990	997	999	999	1008	
7500	1007	1007	1014	985	997	1018	1007	994	1007	1008	1014	1000	1001	976	1000	1012	1001	1017	1012	998	1017	1015	998	1010	1002	990	997	999	982	1008	
7550	1007	1007	1014	1001	997	1018	1007	995	985	1008	1014	1000	1001	990	1000	1012	1001	1017	1012	998	1017	1015	998	1010	1002	990	997	999	998	1008	
7600	1007	985	1014	1007	979	1018	987	995	1005	1009	1014	1000	1001	998	1000	1012	1001	1017	1012	998	1017	1015	998	1010	1002	973	997	999	999	1008	
7650	1007	1004	1014	1007	995	1018	1006	995	1007	1010	1014	1000	981	998	1000	1012	1001	1017	1012	998	1017	1015	998	1010	1002	986	997	999	999	1008	
7700	1007	1007	1014	1007	997	1018	1007	995	1007	1010	1014	1000	998	998	1000	1012	1001	1017	1012	998	1017	1015	998	1010	979	990	997	999	999	1008	
7800	986	1007	1014	1007	997	1018	1007	995	1007	1010	1014	1000	1001	998	1000	1012	982	1017	1012	981	1017	1015	998	1010	997	990	997	999	999	1008	
7850	1002	1007	1014	1007	997	992	1007	995	1007	1010	1014	1000	1001	998	983	1012	997	1017	1012	993	1017	1015	998	1010	1002	990	997	999	999	1008	
7900	1007	1007	1014	1007	997	1015	1007	995	1007	1010	990	977	1001	998	997	1012	1001	1017	1012	998	1017	1015	998	1010	1002	990	997	999	999	1008	
7950	1007	1007	1014	1007	997	1018	1007	995	1007	1010	1006	991	1001	998	1000	1012	1001	1017	988	998	1017	1015	998	1010	1002	990	997	1000	999	987	
8000	1007	1007	1014	1007	997	1018	1007	995	1007	1010	1014	1000	1001	998	1000	1012	1001	1017	1009	998	1017	1015	981	1010	1002	990	997	1000	999	1003	
8050	1007	1007	1014	1007	997	1018	1007	995	1007	1010	1014	1000	1001	998	1000	1012	1001	1017	1012	998	1017	1015	997	1010	1002	990	997	1000	999	1008	
8100	1007	1007	1014	1007	997	1018	1007	996	1007	1010	1014	1000	1001	998	1000	1012	1001	1017	1012	998	1017	989	998	1010	1002	990	978	1000	999	1008	
8150	1007	1008	990	1007	997	1018	1007	996	1007	1010	1014	1000	1001	998	1000	1012	1001	1017	1012	998	993	1006	998	1010	1002	990	993	1000	999	1008	
8200	1007	1008	1007	1007	997	1018	1007	997	1007	1010	1014	1000	1001	998	1000	988	1001	995	1012	998	1015	1015	998	991	1002	990	997	978	999	1008	
8250	1007	1009	1014	1007	997	1018	1007	997	1007	1010	1014	1000	1001	998	1000	1008	1001	1015	1012	998	1017	1015	998	1010	1002	990	997	996	999	1008	
8300	1007	1009	1014	984	997	1018	1007	997	1007	1011	1014	1000	1001	979	1000	1012	1001	1017	1012	998	1017	1015	998	1010	1002	990	997	1000	980	1008	
8350	1007	1009	1014	1003	997	1018	1007	997	980	1011	1014	1000	1001	992	1000	1012	1001	1017	1012	998	1017	1015	998	1010	1002	990	997	1000	996	1008	
8400	1007	1009	1014	1007	980	1018	987	997	999	986	1014	1000	1001	998	1000	1012	1001	1017	1012	998	1017	1015	998	1010	1002	971	997	1000	999	1008	
8450	1007	988	1014	1007	993	1018	1005	997	1007	1005	1014	1000	983	998	1000	1013	1001	1017	1012	998	1017	1015	998	1010	1002	983	997	1000	999	1008	
8500	1007	1005	1014	1007	997	1018	1007	998	1007	1011	1014	1000	998	998	1000	1013	1001	1017	1012	998	1017	1015	998	1010	982	990	997	1000	999	1008	
8600	984	1009	1014	1007	997	1018	1007	998	1007	1011	1014	1000	1001	998	1000	1014	980	1017	1012	979	1017	1015	998	1010	999	990	997	1000	999	1008	
8650	1003	1009	1014	1007	997	996	1007	998	1007	1011	1014	1000	1001	998	978	1014	994	1017	1012	992	1017	1015	998	1010	1002	990	997	1000	999	1008	
8700	1007	1009	1014	1007	997	1018	1007	998	1007	1011	990	980	1001	998	991	1014	1001	1017	1012	998	1017	1015	998	1010	1002	990	998	1000	999	1008	
8750	1007	1009	1014	1007	997	1018	1007	998	1007	1011	1009	996	1001	998	1000	1014	1001	1017	989	998	1017	1015	998	1010	1002	990	998	1000	999	987	
8800	1007	1009	1014	1007	997	1018	1007	998	1007	1011	1014	1000	1001	998	1000	1014	1001	1017	1009	998	1017	1015	978	1010	1002	990	998	1000	999	1005	
8850	1007	1009	1014	1007	997	1018	1007	978	1007	1011	1014	1000	1001	998	1000	1014	1001	1017	1012	998	1017	1015	994	1010	1002	990	998	1000	999	1008	
8900	1007	1009	1014	1007	997	1018	1007	992	1007	1011	1014	1000	1001	998	1000	1014	1001	1017	1012	998	1017	990	998	1010	1002	990	998	1000	999	1008	
8950	1007	1009	991	1007	997	1018	1007	998	1007	1011	1014	1000	1001	998	1000	1014	1001	1017	1012	998	993	1012	998	1010	1002	990	998	1000	999	1008	
9000	1007	1009	1012	1007	997	1018	1007	998	1007	1011	1014	1000	1001	998	1000	992	1001	993	1012	998	1015	1015	998	987	1002	990	998	978	999	1008	
9050	1007	1009	1014	1007	997	1018	1007	998	1007	1011	1014	1000	1001	998	1000	1011	1001	1014	1012	998	1017	1015	998	1007	1002	990	998	998	999	1008	
9100	1007	1009	1014	986	997	1018	1007	998	1007	1011	1014	1000	1001	975	1000	1014	1001	1017	1012	998	1017	1015	998	1010	1002	990	998	1000	977	1008	
9150	1007	1009	1014	1003	997	1018	1007	998	984	1011	1014	1000	1001	991	1000	1014	1001	1017	1012	998	1017	1015	998	1010	1002	990	999	1000	996	1008	
9200	1007	1009	1014	1007	974	1018	986	998	1004	990	1014	1000	1001	998	1001	1014	1001	1017	1012	998	1017	1015	998	1010	1002	975	999	1000	999	1008	
9250	1007	982	1014	1007	991	1018	1003	998	1007	1009	1014	1000	980	998	1001	1014	1001	1017	1012	998	1017	1015	998	1010	1002	988	999	1000	999	1008	
9300	1007	1001	1014	1007	997	1018	1007	998	1007	1011	1014	1000	999	998	1001	1014	1001	1017	1012	998	1017	1015	999	1010	980	990	999	1000	999	1008	
9400	986	1009	1014	1007	997	1018	1007	998	1007	1011	1014	1000	1001	998	1001	1014	982	1017	1012	980	1017	1015	999	1010	999	990	999	1000	999	1008	
9450	1002	1009	1014	1007	997	998	1007	998	1007	1011	1014	1000	1001	998	1001	1014	999	1017	1012	994	1017	1015	999	1010	1002	990	980	1000	999	1008	
9500	1007	1009	1014	1007	997	1018	1007	998	1007	1011	988	976	1001	998	1001	1014	1001	1017	1012	998	1017	1015	999	1010	1002	990	996	1000	999	1008	
9550	1007	1009	1014	1007	997	1018	1007	998	1007	1011	1004	995	1001	998	1001	1014	1001	1017	985	998	1017	1015	999	1010	1002	990	999	1000	999	989	
9600	1007	1009	1014	1007	997	1018	1007	999	1007	1011	1014	1000	1001	998	980	1014	1001	1017	1005	998	1017	1015	999	1010	1002	990	999	1000	999	1005	
9650	1007	1009	1014	1007	997	1018	1007	999	1007	1011	1014	1000	1001	998	994	1014	1001	1017	1012	998	1017	1015	999	1010	1002	990	999	1000	999	1008	
9700	1007	1009	1014	1007	997	1018	1007	1000	1007	1011	1014	1000	1001	998	1001	1014	1001	1017	1012	998	1017	990	981	1010	1002	990	999	1000	999	1008	
9750	1007	1009	988	1007	997	1018	1007	1000	1007	1011	1014	1000	1001	999	1001	1014	1001	1017	1012	998	997	1012	996	1010	1002	990	999	1000	999	1008	
9800	1007	1009	1009	1007	997	1018	1007	1000	1007	1011	1014	1000	1001	999	1001	990	1001	996	1012	998	1016	1015	999	988	1002	990	999	979	999	1008	
9850	1007	1009	1014	1007	997	1018	1007	1000	1007	1011	1014	1000	1001	1000	1001	1011	1001	1015	1012	998	1017	1015	999	1006	1002	990	999	993	999	1008	
9900	1007	1009	1014	983	997	1018	1007	1000	1007	1011	1014	1000	1001	1000	1001	1014	1001	1017	1012	998	1017	1015	999	1010	1002	990	999	1000		1008	
9950	1007	1009	1014	1002	997	1018	1007	1000	986	1011	1014	1000	1001	1000		1014	1001	1017	1012	998	1017	1015	999	1010	1002	990	999	1000		1008	
10000	1007	1009				1018	980	1000	1006	989	1014		1001			1014	1001	1017	1012			1015	999		1002		999			1008	
						1018		1000			1014					1014														1008	
						1018										1014															


Evals | 1 2 3 ... BEST
150	952	953	961	963	957	955	966	961	958	960	962	953	962	955	959	956	955	952	953	953	957	957	954	968	956	960	957	958	959	961	
200	952	955	961	963	957	955	966	961	958	960	962	953	962	955	959	956	959	952	953	953	957	957	954	968	956	960	957	958	959	961	
250	952	955	961	963	957	955	966	961	958	963	962	953	962	956	959	958	959	953	953	955	957	963	954	968	956	960	960	958	959	961	
300	952	955	961	963	957	955	966	961	958	963	962	954	962	960	962	958	959	954	953	958	958	963	959	968	956	960	960	958	959	966	
350	957	957	961	963	957	955	966	961	958	963	962	954	962	960	962	966	960	959	953	958	958	963	959	968	956	960	960	958	960	966	
400	957	957	961	963	957	955	966	961	958	963	966	955	963	960	962	966	964	962	961	958	968	964	959	968	962	960	960	962	960	966	
450	957	958	961	963	961	955	966	961	962	967	966	956	963	960	962	966	964	962	967	958	974	964	966	968	962	967	960	963	960	966	
500	967	961	966	963	961	956	966	961	962	967	966	961	963	960	970	966	965	968	970	958	974	964	966	968	962	967	960	963	960	966	
550	967	961	969	963	961	963	966	961	964	972	966	971	963	963	971	966	965	968	970	958	974	971	967	968	963	967	960	963	960	966	
600	967	967	969	963	961	963	966	961	964	972	966	971	963	963	971	969	966	968	970	969	974	971	967	968	963	967	960	971	961	966	
650	967	967	974	966	961	963	966	961	964	972	966	971	963	963	971	969	967	972	971	969	974	971	967	968	963	971	964	971	962	966	
700	967	967	974	966	968	967	966	961	964	972	966	971	968	963	972	969	968	972	971	969	974	974	967	968	970	973	964	976	979	966	
750	967	969	974	967	968	967	966	965	966	972	969	971	968	963	972	974	968	972	971	972	974	974	967	979	970	974	967	976	979	966	
800	968	969	974	973	974	970	966	965	966	972	971	971	968	963	972	974	968	976	971	972	974	976	967	982	970	974	967	976	982	968	
850	968	969	978	973	974	970	968	967	973	972	971	971	970	964	976	977	968	976	973	972	976	976	967	982	972	974	967	977	982	975	
900	968	970	978	979	974	970	970	967	976	976	971	973	970	971	976	980	968	976	977	973	976	976	968	982	972	974	969	977	982	975	
950	969	974	981	979	974	971	972	969	976	976	978	973	970	978	976	980	972	978	977	973	981	978	968	986	972	978	969	977	982	975	
1000	974	975	981	982	974	974	976	969	976	976	984	973	970	978	979	980	972	980	978	973	981	978	968	986	972	978	975	979	982	975	
1050	974	975	981	982	974	974	976	969	976	976	984	975	970	978	979	980	972	981	978	976	981	981	971	994	974	978	975	979	982	975	
1100	974	983	981	982	977	974	976	974	978	976	984	980	970	978	980	980	975	981	978	976	981	981	971	994	974	978	975	979	982	975	
1150	974	983	988	982	977	977	978	978	978	977	984	980	974	978	985	981	979	981	983	978	981	990	971	994	975	980	975	979	982	975	
1200	974	986	988	982	977	977	978	978	982	986	984	980	975	978	987	982	979	982	983	978	981	990	971	994	976	980	975	979	986	982	
1250	976	986	988	985	977	977	981	978	982	986	986	980	978	978	987	982	979	982	986	978	981	990	976	994	979	981	975	979	986	982	
1300	976	986	988	985	977	977	981	979	982	986	986	980	978	978	987	983	979	982	986	978	982	990	976	994	979	985	983	982	990	982	
1350	981	986	988	986	977	979	982	979	983	986	986	980	978	978	987	983	979	982	992	979	984	990	976	994	979	985	983	982	990	982	
1400	981	986	990	989	977	979	982	979	983	986	986	982	978	981	987	986	980	982	992	979	988	993	976	994	982	985	987	982	990	983	
1450	981	986	990	989	977	979	982	979	983	986	988	984	984	981	987	986	980	991	992	979	990	993	976	994	982	985	987	984	990	983	
1500	982	986	990	989	979	979	982	979	984	986	988	984	984	981	987	986	985	994	992	981	993	993	976	994	982	986	987	986	990	983	
1550	982	986	990	994	980	979	984	979	988	987	988	984	984	981	987	986	985	994	992	981	993	993	980	994	982	986	987	986	990	983	
1600	983	986	993	994	980	983	984	980	988	989	988	984	984	981	990	986	985	994	992	982	994	999	980	994	982	986	987	986	992	986	
1650	984	986	993	994	981	985	984	980	988	991	988	984	990	981	990	987	987	994	992	982	994	999	981	994	983	986	987	986	992	986	
1700	984	987	993	995	982	986	984	981	990	991	989	984	990	983	991	989	987	994	992	982	996	999	982	994	986	987	987	987	993	986	
1750	985	988	993	995	982	988	984	981	990	991	989	986	990	983	991	989	987	994	992	982	996	999	982	995	988	987	987	987	994	986	
1800	985	988	997	995	982	988	984	982	990	991	989	987	990	983	994	989	987	994	993	984	996	1002	982	996	988	987	987	987	994	986	
1850	985	988	997	995	985	990	984	982	990	991	992	988	990	983	995	989	987	994	995	985	996	1002	982	996	988	987	989	989	995	986	
1900	985	992	997	995	985	990	984	982	992	992	992	989	991	983	995	994	987	994	995	986	998	1002	982	996	988	987	989	989	995	986	
1950	986	992	997	997	985	990	984	984	992	993	992	989	991	984	995	994	988	994	997	986	999	1004	982	996	988	987	989	989	996	989	
2000	990	992	998	997	986	995	984	984	992	993	994	991	991	984	999	994	988	996	997	987	999	1004	983	997	988	987	991	989	996	990	
2050	990	994	999	997	991	995	984	984	992	993	994	991	992	985	999	995	988	996	997	988	1004	1006	986	997	988	988	991	989	996	990	
2100	990	995	1000	1000	991	995	985	984	995	993	994	992	995	986	999	996	988	997	997	988	1004	1006	986	998	989	988	991	990	996	990	
2150	990	996	1001	1000	991	995	985	986	995	993	995	993	995	986	999	996	988	997	998	988	1004	1006	986	1002	991	988	991	990	996	992	
2200	990	996	1001	1000	991	995	986	986	995	994	996	993	995	986	999	996	989	997	998	988	1004	1007	986	1002	991	988	991	992	996	992	
2250	990	996	1001	1003	991	997	986	987	995	994	996	993	996	989	999	996	989	999	998	988	1004	1007	986	1002	991	988	992	994	996	993	
2300	990	996	1001	1003	991	997	986	987	995	994	997	993	996	989	1000	998	990	999	999	992	1004	1007	986	1002	991	988	992	994	996	993	
2350	990	997	1001	1003	991	998	986	987	997	996	998	994	996	989	1000	998	991	999	999	992	1006	1007	986	1002	993	988	992	994	996	993	
2400	991	997	1004	1003	991	998	986	987	997	996	998	994	996	990	1000	998	994	999	999	994	1007	1007	986	1002	993	988	992	994	996	993	
2450	992	999	1004	1003	991	998	988	988	997	996	998	995	996	990	1000	998	994	1000	1001	994	1010	1008	988	1002	994	989	992	994	996	993	
2500	993	999	1004	1003	991	999	993	988	997	997	1001	995	997	990	1000	998	994	1000	1001	995	1010	1008	988	1002	995	989	992	994	996	995	
2550	993	1001	1005	1003	991	1002	993	988	997	997	1001	998	997	990	1000	998	995	1000	1001	995	1010	1008	988	1004	995	989	992	994	996	995	
2600	993	1001	1005	1003	994	1002	993	990	997	997	1001	998	997	993	1000	999	995	1001	1001	995	1010	1008	989	1005	995	989	992	995	996	995	
2650	995	1001	1005	1003	994	1002	993	990	998	998	1001	998	997	993	1000	999	995	1002	1001	995	1010	1008	989	1005	996	989	993	995	996	995	
2700	995	1001	1005	1003	994	1002	993	990	998	998	1001	999	997	993	1000	1000	996	1003	1002	996	1011	1008	990	1005	996	989	993	995	996	996	
2750	995	1001	1007	1003	995	1002	993	992	1001	998	1001	999	997	993	1000	1000	996	1003	1004	996	1011	1008	990	1005	996	989	993	997	996	997	
2800	998	1001	1007	1003	995	1002	993	992	1002	998	1001	999	997	994	1000	1000	998	1004	1004	996	1011	1008	990	1005	997	989	993	997	996	997	
2850	1000	1001	1007	1003	995	1003	993	992	1002	999	1002	999	997	994	1000	1002	998	1009	1005	996	1012	1008	990	1005	997	990	994	997	996	997	
2900	1000	1002	1010	1003	995	1003	993	992	1002	1000	1002	999	997	994	1000	1002	999	1009	1005	996	1012	1008	991	1006	997	990	995	997	996	998	
2950	1000	1002	1010	1004	995	1003	993	992	1002	1000	1002	999	997	994	1000	1002	999	1009	1005	996	1012	1009	991	1007	998	990	995	998	996	998	
3000	1000	1002	1010	1004	995	1003	995	992	1003	1001	1002	999	997	994	1000	1002	999	1009	1007	996	1013	1009	992	1007	998	990	995	998	996	999	
3050	1000	1002	1010	1004	995	1005	995	992	1003	1001	1006	999	997	997	1000	1002	999	1009	1007	996	1013	1009	993	1007	998	990	995	998	996	999	
3100	1000	1002	1010	1004	995	1005	996	993	1003	1001	1006	1000	997	997	1000	1002	999	1009	1007	996	1014	1010	993	1007	999	990	995	998	996	999	
3150	1002	1002	1011	1005	995	1005	997	993	1003	1002	1006	1000	997	997	1000	1002	999	1009	1007	996	1014	1010	993	1007	999	990	995	998	996	1000	
3200	1003	1003	1011	1005	995	1005	997	993	1003	1002	1006	1000	998	997	1000	1002	999	1009	1007	996	1014	1010	993	1008	999	990	996	998	996	1000	
3250	1003	1003	1011	1005	995	1006	997	993	1005	1004	1006	1000	998	997	1000	1002	999	1010	1007	996	1014	1011	995	1008	999	990	996	998	996	1000	
3300	1003	1003	1013	1006	995	1006	999	994	1005	1004	1006	1000	998	997	1000	1002	1000	1010	1008	996	1016	1011	995	1009	999	990	997	999	996	1000	
3350	1003	1003	1013	1006	995	1008	999	994	1005	1004	1006	1000	998	997	1000	1002	1000	1011	1008	996	1017	1011	995	1009	1000	990	997	999	996	1000	
3400	1003	1003	1013	1006	995	1008	999	994	1005	1004	1006	1000	998	997	1000	1002	1000	1012	1008	996	1017	1012	995	1010	1000	990	997	999	996	1000	
3450	1003	1003	1013	1006	995	1008	999	994	1005	1004	1006	1000	998	997	1000	1002	1000	1012	1010	996	1017	1012	995	1010	1000	990	997	999	996	1000	
3500	1003	1003	1013	1006	995	1008	999	994	1005	1004	1006	1000	998	998	1000	1003	1000	1012	1010	996	1017	1012	995	1010	1000	990	997	999	999	1001	
3550	1005	1003	1013	1006	995	1008	1001	994	1005	1004	1006	1000	998	998	1000	1003	1000	1012	1010	996	1017	1012	997	1010	1001	990	997	999	999	1001	
3600	1005	1003	1013	1006	995	1008	1001	994	1005	1006	1006	1000	998	998	1000	1003	1000	1013	1010	996	1017	1012	997	1010	1001	990	997	999	999	1002	
3650	1005	1004	1013	1006	995	1009	1001	994	1005	1006	1006	1000	998	998	1000	1003	1000	1014	1010	996	1017	1012	997	1010	1001	990	997	999	999	1002	
3700	1005	1004	1013	1006	995	1009	1002	994	1005	1006	1007	1000	998	998	1000	1003	1000	1014	1010	996	1017	1012	997	1010	1001	990	997	999	999	1002	
3750	1007	1004	1013	1006	995	1010	1002	994	1005	1006	1007	1000	998	998	1000	1005	1001	1015	1010	996	1017	1013	997	1010	1001	990	997	999	999	1002	
3800	1007	1004	1013	1006	995	1010	1002	994	1005	1006	1007	1000	998	998	1000	1005	1001	1015	1011	996	1017	1013	997	1010	1001	990	997	999	999	1002	
3850	1007	1004	1013	1006	995	1011	1005	994	1005	1006	1007	1000	998	998	1000	1005	1001	1015	1011	996	1017	1013	997	1010	1001	990	997	999	999	1002	
3900	1007	1004	1013	1006	995	1011	1005	994	1005	1006	1008	1000	998	998	1000	1005	1001	1015	1011	996	1017	1014	997	1010	1001	990	997	999	999	1002	
3950	1007	1004	1013	1006	995	1011	1006	994	1006	1006	1008	1000	998	998	1000	1005	1001	1015	1011	997	1017	1014	998	1010	1001	990	997	999	999	1002	
4000	1007	1004	1013	1006	995	1011	1006	994	1006	1006	1010	1000	998	998	1000	1006	1001	1016	1011	997	1017	1014	998	1010	1001	990	997	999	999	1002	
4050	1007	1004	1013	1006	995	1011	1006	994	1006	1006	1010	1000	998	998	1000	1006	1001	1016	1011	997	1017	1015	998	1010	1001	990	997	999	999	1002	
4100	1007	1004	1013	1006	995	1011	1006	994	1006	1006	1010	1000	998	998	1000	1006	1001	1016	1011	997	1017	1015	998	1010	1001	990	997	999	999	1003	
4150	1007	1004	1013	1006	995	1011	1006	994	1006	1006	1010	1000	998	998	1000	1006	1001	1016	1011	997	1017	1015	998	1010	1001	990	997	999	999	1003	
4200	1007	1004	1013	1006	995	1011	1006	995	1006	1006	1010	1000	998	998	1000	1006	1001	1016	1011	997	1017	1015	998	1010	1001	990	997	999	999	1003	
4250	1007	1004	1013	1007	995	1011	1006	995	1006	1006	1010	1000	998	998	1000	1006	1001	1016	1011	997	1017	1015	998	1010	1001	990	997	999	999	1003	
4300	1007	1005	1013	1007	995	1011	1006	995	1007	1006	1010	1000	999	998	1000	1006	1001	1016	1011	997	1017	1015	998	1010	1001	990	997	999	999	1003	
4350	1007	1005	1013	1007	995	1011	1007	995	1007	1006	1010	1000	999	998	1000	1006	1001	1016	1011	997	1017	1015	998	1010	1001	990	997	999	999	1003	
4400	1007	1005	1013	1007	995	1011	1007	995	1007	1006	1011	1000	999	998	1000	1007	1001	1016	1011	997	1017	1015	998	1010	1001	990	997	999	999	1003	
4450	1007	1005	1013	1007	995	1013	1007	995	1007	1006	1012	1000	999	998	1000	1007	1001	1016	1011	997	1017	1015	998	1010	1001	990	997	999	999	1003	
4500	1007	1005	1013	1007	995	1013	1007	995	1007	1007	1013	1000	999	998	1000	1007	1001	1016	1011	997	1017	1015	998	1010	1001	990	997	999	999	1003	
4600	1007	1005	1013	1007	995	1013	1007	995	1007	1007	1013	1000	999	998	1000	1008	1001	1016	1011	997	1017	1015	998	1010	1001	990	997	999	999	1003	
4650	1007	1005	1013	1007	995	1014	1007	995	1007	1007	1014	1000	999	998	1000	1008	1001	1016	1011	997	1017	1015	998	1010	1001	990	997	999	999	1003	
4700	1007	1005	1013	1007	995	1014	1007	995	1007	1007	1014	1000	999	998	1000	1008	1001	1016	1011	997	1017	1015	998	1010	1001	990	997	999	999	1003	
4750	1007	1005	1013	1007	995	1014	1007	995	1007	1007	1014	1000	999	998	1000	1008	1001	1016	1011	997	1017	1015	998	1010	1001	990	997	999	999	1003	
4800	1007	1005	1013	1007	995	1014	1007	995	1007	1007	1014	1000	999	998	1000	1009	1001	1016	1011	997	1017	1015	998	1010	1001	990	997	999	999	1003	
4850	1007	1005	1013	1007	995	1014	1007	995	1007	1007	1014	1000	999	998	1000	1009	1001	1016	1011	997	1017	1015	998	1010	1001	990	997	999	999	1003	
4900	1007	1005	1013	1007	995	1014	1007	995	1007	1007	1014	1000	999	998	1000	1009	1001	1016	1011	997	1017	1015	998	1010	1001	990	997	999	999	1003	
4950	1007	1005	1013	1007	995	1014	1007	995	1007	1007	1014	1000	999	998	1000	1009	1001	1017	1011	997	1017	1015	998	1010	1001	990	997	999	999	1003	
5000	1007	1005	1013	1007	995	1014	1007	995	1007	1007	1014	1000	999	998	1000	1009	1001	1017	1011	997	1017	1015	998	1010	1001	990	997	999	999	1003	
5050	1007	1005	1013	1007	995	1014	1007	995	1007	1007	1014	1000	999	998	1000	1009	1001	1017	1011	997	1017	1015	998	1010	1001	990	997	999	999	1003	
5100	1007	1005	1013	1007	995	1014	1007	995	1007	1007	1014	1000	999	998	1000	1011	1001	1017	1011	997	1017	1015	998	1010	1001	990	997	999	999	1003	
5150	1007	1005	1013	1007	995	1014	1007	995	1007	1007	1014	1000	999	998	1000	1011	1001	1017	1011	997	1017	1015	998	1010	1001	990	997	999	999	1003	
5200	1007	1005	1013	1007	995	1014	1007	995	1007	1007	1014	1000	1001	998	1000	1011	1001	1017	1011	997	1017	1015	998	1010	1001	990	997	999	999	1003	
5250	1007	1005	1013	1007	995	1014	1007	995	1007	1007	1014	1000	1001	998	1000	1011	1001	1017	1011	997	1017	1015	998	1010	1001	990	997	999	999	1003	
5300	1007	1005	1013	1007	995	1014	1007	995	1007	1007	1014	1000	1001	998	1000	1011	1001	1017	1011	997	1017	1015	998	1010	1001	990	997	999	999	1003	
5400	1007	1005	1013	1007	995	1014	1007	995	1007	1007	1014	1000	1001	998	1000	1011	1001	1017	1011	997	1017	1015	998	1010	1001	990	997	999	999	1003	
5450	1007	1005	1013	1007	995	1014	1007	995	1007	1007	1014	1000	1001	998	1000	1011	1001	1017	1011	997	1017	1015	998	1010	1001	990	997	999	999	1003	
5500	1007	1005	1013	1007	995	1014	1007	995	1007	1007	1014	1000	1001	998	1000	1011	1001	1017	1011	997	1017	1015	998	1010	1001	990	997	999	999	1003	
5550	1007	1005	1013	1007	995	1017	1007	995	1007	1007	1014	1000	1001	998	1000	1011	1001	1017	1011	997	1017	1015	998	1010	1001	990	997	999	999	1003	
5600	1007	1005	1013	1007	995	1017	1007	995	1007	1007	1014	1000	1001	998	1000	1011	1001	1017	1011	997	1017	1015	998	1010	1001	990	997	999	999	1003	
5650	1007	1005	1013	1007	995	1017	1007	995	1007	1007	1014	1000	1001	998	1000	1011	1001	1017	1011	997	1017	1015	998	1010	1001	990	997	999	999	1003	
5700	1007	1005	1013	1007	995	1017	1007	995	1007	1007	1014	1000	1001	998	1000	1011	1001	1017	1011	997	1017	1015	998	1010	1001	990	997	999	999	1003	
5750	1007	1005	1013	1007	995	1017	1007	995	1007	1007	1014	1000	1001	998	1000	1011	1001	1017	1011	997	1017	1015	998	1010	1001	990	997	999	999	1007	
5800	1007	1005	1013	1007	995	1017	1007	995	1007	1007	1014	1000	1001	998	1000	1012	1001	1017	1011	997	1017	1015	998	1010	1001	990	997	999	999	1007	
5850	1007	1005	1013	1007	995	1017	1007	995	1007	1007	1014	1000	1001	998	1000	1012	1001	1017	1011	997	1017	1015	998	1010	1001	990	997	999	999	1007	
5900	1007	1005	1013	1007	995	1017	1007	995	1007	1007	1014	1000	1001	998	1000	1012	1001	1017	1011	997	1017	1015	998	1010	1001	990	997	999	999	1007	
5950	1007	1007	1013	1007	997	1017	1007	995	1007	1007	1014	1000	1001	998	1000	1012	1001	1017	1011	997	1017	1015	998	1010	1001	990	997	999	999	1007	
6000	1007	1007	1013	1007	997	1017	1007	995	1007	1007	1014	1000	1001	998	1000	1012	1001	1017	1011	997	1017	1015	998	1010	1001	990	997	999	999	1007	
6050	1007	1007	1013	1007	997	1017	1007	995	1007	1007	1014	1000	1001	998	1000	1012	1001	1017	1011	997	1017	1015	998	1010	1001	990	997	999	999	1007	
6100	1007	1007	1013	1007	997	1017	1007	995	1007	1007	1014	1000	1001	998	1000	1012	1001	1017	1011	998	1017	1015	998	1010	1001	990	997	999	999	1007	
6200	1007	1007	1013	1007	997	1018	1007	995	1007	1007	1014	1000	1001	998	1000	1012	1001	1017	1011	998	1017	1015	998	1010	1001	990	997	999	999	1007	
6250	1007	1007	1013	1007	997	1018	1007	995	1007	1007	1014	1000	1001	998	1000	1012	1001	1017	1011	998	1017	1015	998	1010	1001	990	997	999	999	1007	
6300	1007	1007	1013	1007	997	1018	1007	995	1007	1007	1014	1000	1001	998	1000	1012	1001	1017	1012	998	1017	1015	998	1010	1001	990	997	999	999	1008	
6350	1007	1007	1013	1007	997	1018	1007	995	1007	1007	1014	1000	1001	998	1000	1012	1001	1017	1012	998	1017	1015	998	1010	1001	990	997	999	999	1008	
6400	1007	1007	1013	1007	997	1018	1007	995	1007	1007	1014	1000	1001	998	1000	1012	1001	1017	1012	998	1017	1015	998	1010	1001	990	997	999	999	1008	
6450	1007	1007	1013	1007	997	1018	1007	995	1007	1007	1014	1000	1001	998	1000	1012	1001	1017	1012	998	1017	1015	998	1010	1001	990	997	999	999	1008	
6500	1007	1007	1014	1007	997	1018	1007	995	1007	1007	1014	1000	1001	998	1000	1012	1001	1017	1012	998	1017	1015	998	1010	1001	990	997	999	999	1008	
6550	1007	1007	1014	1007	997	1018	1007	995	1007	1007	1014	1000	1001	998	1000	1012	1001	1017	1012	998	1017	1015	998	1010	1001	990	997	999	999	1008	
6600	1007	1007	1014	1007	997	1018	1007	995	1007	1007	1014	1000	1001	998	1000	1012	1001	1017	1012	998	1017	1015	998	1010	1001	990	997	999	999	1008	
6650	1007	1007	1014	1007	997	1018	1007	995	1007	1007	1014	1000	1001	998	1000	1012	1001	1017	1012	998	1017	1015	998	1010	1001	990	997	999	999	1008	
6700	1007	1007	1014	1007	997	1018	1007	995	1007	1007	1014	1000	1001	998	1000	1012	1001	1017	1012	998	1017	1015	998	1010	1001	990	997	999	999	1008	
6750	1007	1007	1014	1007	997	1018	1007	995	1007	1007	1014	1000	1001	998	1000	1012	1001	1017	1012	998	1017	1015	998	1010	1001	990	997	999	999	1008	
6800	1007	1007	1014	1007	997	1018	1007	995	1007	1007	1014	1000	1001	998	1000	1012	1001	1017	1012	998	1017	1015	998	1010	1001	990	997	999	999	1008	
6850	1007	1007	1014	1007	997	1018	1007	995	1007	1007	1014	1000	1001	998	1000	1012	1001	1017	1012	998	1017	1015	998	1010	1002	990	997	999	999	1008	
6900	1007	1007	1014	1007	997	1018	1007	995	1007	1007	1014	1000	1001	998	1000	1012	1001	1017	1012	998	1017	1015	998	1010	1002	990	997	999	999	1008	
7000	1007	1007	1014	1007	997	1018	1007	995	1007	1010	1014	1000	1001	998	1000	1012	1001	1017	1012	998	1017	1015	998	1010	1002	990	997	999	999	1008	
7050	1007	1007	1014	1007	997	1018	1007	995	1007	1010	1014	1000	1001	998	1000	1012	1001	1017	1012	998	1017	1015	998	1010	1002	990	997	999	999	1008	
7100	1007	1007	1014	1007	997	1018	1007	995	1007	1010	1014	1000	1001	998	1000	1012	1001	1017	1012	998	1017	1015	998	1010	1002	990	997	999	999	1008	
7150	1007	1007	1014	1007	997	1018	1007	995	1007	1010	1014	1000	1001	998	1000	1012	1001	1017	1012	998	1017	1015	998	1010	1002	990	997	999	999	1008	
7200	1007	1007	1014	1007	997	1018	1007	995	1007	1010	1014	1000	1001	998	1000	1012	1001	1017	1012	998	1017	1015	998	1010	1002	990	997	999	999	1008	
7250	1007	1007	1014	1007	997	1018	1007	995	1007	1010	1014	1000	1001	998	1000	1012	1001	1017	1012	998	1017	1015	998	1010	1002	990	997	999	999	1008	
7300	1007	1007	1014	1007	997	1018	1007	995	1007	1010	1014	1000	1001	998	1000	1012	1001	1017	1012	998	1017	1015	998	1010	1002	990	997	999	999	1008	
7350	1007	1007	1014	1007	997	1018	1007	995	1007	1010	1014	1000	1001	998	1000	1012	1001	1017	1012	998	1017	1015	998	1010	1002	990	997	1000	999	1008	
7400	1007	1007	1014	1007	997	1018	1007	995	1007	1010	1014	1000	1001	998	1000	1012	1001	1017	1012	998	1017	1015	998	1010	1002	990	997	1000	999	1008	
7450	1007	1007	1014	1007	997	1018	1007	995	1007	1010	1014	1000	1001	998	1000	1012	1001	1017	1012	998	1017	1015	998	1010	1002	990	997	1000	999	1008	
7500	1007	1007	1014	1007	997	1018	1007	997	1007	1010	1014	1000	1001	998	1000	1012	1001	1017	1012	998	1017	1015	998	1010	1002	990	997	1000	999	1008	
7550	1007	1007	1014	1007	997	1018	1007	997	1007	1011	1014	1000	1001	998	1000	1012	1001	1017	1012	998	1017	1015	998	1010	1002	990	997	1000	999	1008	
7600	1007	1009	1014	1007	997	1018	1007	997	1007	1011	1014	1000	1001	998	1000	1012	1001	1017	1012	998	1017	1015	998	1010	1002	990	997	1000	999	1008	
7650	1007	1009	1014	1007	997	1018	1007	997	1007	1011	1014	1000	1001	998	1000	1012	1001	1017	1012	998	1017	1015	998	1010	1002	990	997	1000	999	1008	
7700	1007	1009	1014	1007	997	1018	1007	997	1007	1011	1014	1000	1001	998	1000	1012	1001	1017	1012	998	1017	1015	998	1010	1002	990	997	1000	999	1008	
7800	1007	1009	1014	1007	997	1018	1007	997	1007	1011	1014	1000	1001	998	1000	1012	1001	1017	1012	998	1017	1015	998	1010	1002	990	997	1000	999	1008	
7850	1007	1009	1014	1007	997	1018	1007	997	1007	1011	1014	1000	1001	998	1000	1012	1001	1017	1012	998	1017	1015	998	1010	1002	990	997	1000	999	1008	
7900	1007	1009	1014	1007	997	1018	1007	997	1007	1011	1014	1000	1001	998	1000	1014	1001	1017	1012	998	1017	1015	998	1010	1002	990	997	1000	999	1008	
7950	1007	1009	1014	1007	997	1018	1007	997	1007	1011	1014	1000	1001	998	1000	1014	1001	1017	1012	998	1017	1015	998	1010	1002	990	997	1000	999	1008	
8000	1007	1009	1014	1007	997	1018	1007	998	1007	1011	1014	1000	1001	998	1000	1014	1001	1017	1012	998	1017	1015	998	1010	1002	990	997	1000	999	1008	
8050	1007	1009	1014	1007	997	1018	1007	998	1007	1011	1014	1000	1001	998	1000	1014	1001	1017	1012	998	1017	1015	998	1010	1002	990	997	1000	999	1008	
8100	1007	1009	1014	1007	997	1018	1007	998	1007	1011	1014	1000	1001	998	1000	1014	1001	1017	1012	998	1017	1015	998	1010	1002	990	997	1000	999	1008	
8150	1007	1009	1014	1007	997	1018	1007	998	1007	1011	1014	1000	1001	998	1000	1014	1001	1017	1012	998	1017	1015	998	1010	1002	990	997	1000	999	1008	
8200	1007	1009	1014	1007	997	1018	1007	998	1007	1011	1014	1000	1001	998	1000	1014	1001	1017	1012	998	1017	1015	998	1010	1002	990	998	1000	999	1008	
8250	1007	1009	1014	1007	997	1018	1007	998	1007	1011	1014	1000	1001	998	1000	1014	1001	1017	1012	998	1017	1015	998	1010	1002	990	998	1000	999	1008	
8300	1007	1009	1014	1007	997	1018	1007	998	1007	1011	1014	1000	1001	998	1000	1014	1001	1017	1012	998	1017	1015	998	1010	1002	990	998	1000	999	1008	
8350	1007	1009	1014	1007	997	1018	1007	998	1007	1011	1014	1000	1001	998	1000	1014	1001	1017	1012	998	1017	1015	998	1010	1002	990	998	1000	999	1008	
8400	1007	1009	1014	1007	997	1018	1007	998	1007	1011	1014	1000	1001	998	1000	1014	1001	1017	1012	998	1017	1015	998	1010	1002	990	998	1000	999	1008	
8450	1007	1009	1014	1007	997	1018	1007	998	1007	1011	1014	1000	1001	998	1000	1014	1001	1017	1012	998	1017	1015	998	1010	1002	990	998	1000	999	1008	
8500	1007	1009	1014	1007	997	1018	1007	998	1007	1011	1014	1000	1001	998	1000	1014	1001	1017	1012	998	1017	1015	998	1010	1002	990	998	1000	999	1008	
8600	1007	1009	1014	1007	997	1018	1007	998	1007	1011	1014	1000	1001	998	1000	1014	1001	1017	1012	998	1017	1015	998	1010	1002	990	999	1000	999	1008	
8650	1007	1009	1014	1007	997	1018	1007	998	1007	1011	1014	1000	1001	998	1000	1014	1001	1017	1012	998	1017	1015	998	1010	1002	990	999	1000	999	1008	
8700	1007	1009	1014	1007	997	1018	1007	998	1007	1011	1014	1000	1001	998	1000	1014	1001	1017	1012	998	1017	1015	998	1010	1002	990	999	1000	999	1008	
8750	1007	1009	1014	1007	997	1018	1007	998	1007	1011	1014	1000	1001	998	1001	1014	1001	1017	1012	998	1017	1015	998	1010	1002	990	999	1000	999	1008	
8800	1007	1009	1014	1007	997	1018	1007	998	1007	1011	1014	1000	1001	998	1001	1014	1001	1017	1012	998	1017	1015	998	1010	1002	990	999	1000	999	1008	
8850	1007	1009	1014	1007	997	1018	1007	998	1007	1011	1014	1000	1001	998	1001	1014	1001	1017	1012	998	1017	1015	999	1010	1002	990	999	1000	999	1008	
8900	1007	1009	1014	1007	997	1018	1007	998	1007	1011	1014	1000	1001	998	1001	1014	1001	1017	1012	998	1017	1015	999	1010	1002	990	999	1000	999	1008	
8950	1007	1009	1014	1007	997	1018	1007	1000	1007	1011	1014	1000	1001	998	1001	1014	1001	1017	1012	998	1017	1015	999	1010	1002	990	999	1000	999	1008	
9000	1007	1009	1014	1007	997	1018	1007	1000	1007	1011	1014	1000	1001	998	1001	1014	1001	1017	1012	998	1017	1015	999	1010	1002	990	999	1000	999	1008	
9050	1007	1009	1014	1007	997	1018	1007	1000	1007	1011	1014	1000	1001	998	1001	1014	1001	1017	1012	998	1017	1015	999	1010	1002	990	999	1000	999	1008	
9100	1007	1009	1014	1007	997	1018	1007	1000	1007	1011	1014	1000	1001	998	1001	1014	1001	1017	1012	998	1017	1015	999	1010	1002	990	999	1000	999	1008	
9150	1007	1009	1014	1007	997	1018	1007	1000	1007	1011	1014	1000	1001	1000	1001	1014	1001	1017	1012	998	1017	1015	999	1010	1002	990	999	1000	999	1008	
9200	1007	1009	1014	1007	997	1018	1007	1000	1007	1011	1014	1000	1001	1000	1001	1014	1001	1017	1012	998	1017	1015	999	1010	1002	990	999	1000	999	1008	
9250	1007	1009	1014	1007	997	1018	1007	1000	1007	1011	1014	1000	1001	1000	1001	1014	1001	1017	1012	998	1017	1015	999	1010	1002	990	999	1000	999	1008	
9300	1007	1009	1014	1007	997	1018	1007	1000	1007	1011	1014	1000	1001	1000	1001	1014	1001	1017	1012	998	1017	1015	999	1010	1002	990	999	1000	999	1008	
9400	1007	1009	1014	1007	997	1018	1007	1000	1007	1011	1014	1000	1001	1000	1001	1014	1001	1017	1012	998	1017	1015	999	1010	1002	990	999	1000	999	1008	
9450	1007	1009	1014	1007	997	1018	1007	1000	1007	1011	1014	1000	1001	1000	1001	1014	1001	1017	1012	998	1017	1015	999	1010	1002	990	999	1000	999	1008	
9500	1007	1009	1014	1007	997	1018	1007	1000	1007	1011	1014	1000	1001	1000	1001	1014	1001	1017	1012	998	1017	1015	999	1010	1002	990	999	1000	999	1008	
9550	1007	1009	1014	1007	997	1018	1007	1001	1007	1011	1014	1000	1001	1000	1001	1014	1001	1017	1012	998	1017	1015	999	1010	1002	990	999	1000	999	1008	
9600	1007	1009	1014	1007	997	1018	1007	1001	1007	1011	1014	1000	1001	1000	1001	1014	1001	1017	1012	998	1017	1015	999	1010	1002	990	999	1000	999	1008	
9650	1007	1009	1014	1007	997	1018	1007	1001	1007	1011	1014	1000	1001	1000	1001	1014	1001	1017	1012	998	1017	1015	999	1010	1002	990	999	1000	999	1008	
9700	1007	1009	1014	1007	997	1018	1007	1001	1007	1011	1014	1000	1001	1000	1001	1014	1001	1017	1012	998	1017	1015	999	1010	1002	990	999	1000	999	1008	
9750	1007	1009	1014	1007	997	1018	1007	1001	1007	1011	1014	1000	1001	1000	1001	1014	1001	1017	1012	998	1017	1015	999	1010	1002	990	999	1000	999	1008	
9800	1007	1009	1014	1007	997	1018	1007	1001	1007	1011	1014	1000	1001	1000	1001	1014	1001	1017	1012	998	1017	1015	999	1010	1002	990	999	1000	999	1008	
9850	1007	1009	1014	1007	997	1018	1007	1001	1007	1011	1014	1000	1001	1000	1001	1014	1001	1017	1012	998	1017	1015	999	1010	1002	990	999	1000	999	1008	
9900	1007	1009	1014	1007	997	1018	1007	1001	1007	1011	1014	1000	1001	1000	1001	1014	1001	1017	1012	998	1017	1015	999	1010	1002	990	999	1000		1008	
9950	1007	1009	1014	1007	997	1018	1007	1001	1007	1011	1014	1000	1001	1000		1014	1001	1017	1012	998	1017	1015	999	1010	1002	990	999	1000		1008	
10000	1007	1009				1018	1007	1001	1007	1011	1014		1001			1014	1001	1017	1012			1015	999		1002		999			1008	
						1018		1001			1014					1014														1008	
						1018										1014															
