12
10
m 0 0
1 11 9
2 11 9
3 11 9
p 0 6
p 1 5
p 1 6
p 1 9
p 2 1
p 3 1
p 3 3
p 5 2
p 5 4
p 6 7
p 7 4
p 7 5
p 7 9
p 8 2
p 8 4
p 9 4
p 9 6
p 11 8
p 11 9
t 240 0
m 0 1
1 10 9
2 11 8
3 11 8
t 239 0
m 1 1
1 9 9
2 11 7
3 10 8
t 238 0
m 1 1
1 10 9
2 11 6
3 10 9
t 237 0
m 1 2
1 11 9
2 10 6
3 11 9
t 236 0
m 1 3
1 11 8
2 10 7
3 11 8
t 235 0
m 1 3
1 11 9
2 9 7
3 11 7
t 234 0
m 2 3
1 11 8
2 9 6
3 11 6
t 233 0
m 3 3
1 11 9
2 8 6
3 10 6
t 232 5
m 3 3
1 10 9
2 7 6
3 11 6
t 231 5
m 3 2
1 10 8
2 8 6
3 11 7
t 230 5
m 2 2
1 10 7
2 8 7
3 11 6
t 229 5
m 1 2
1 11 7
2 7 7
3 10 6
t 228 5
m 1 3
1 10 7
2 6 7
3 11 6
t 227 5
m 1 3
1 10 8
2 6 8
3 11 5
t 226 5
m 1 2
1 10 7
2 6 7
3 10 5
t 225 5
m 1 1
1 11 7
2 6 6
3 11 5
t 224 5
m 1 1
1 10 7
2 7 6
3 11 4
t 223 5
m 1 2
1 9 7
2 7 7
3 11 5
t 222 5
m 2 2
1 9 8
2 8 7
3 10 5
t 221 5
m 2 1
1 9 9
2 8 6
3 10 6
t 220 10
m 3 1
1 10 9
2 8 5
3 10 7
t 219 15
m 3 2
1 10 8
2 9 5
3 10 8
t 218 15
m 3 3
1 11 8
2 9 4
3 11 8
t 217 15
m 3 4
1 10 8
2 9 3
3 11 7
t 216 15
m 3 4
1 10 9
2 10 3
3 11 8
t 215 15
m 2 4
1 11 9
2 11 3
3 10 8
t 214 15
m 1 4
1 10 9
2 11 2
3 9 8
t 213 15
m 1 5
1 10 8
2 10 2
3 10 8
t 212 21
m 1 5
1 10 9
2 9 2
3 9 8
t 211 21
m 1 5
1 11 9
2 8 2
3 9 9
t 210 21
m 1 4
1 11 8
2 8 1
3 8 9
t 209 21
m 1 4
1 10 8
2 8 2
3 7 9
t 208 21
m 1 5
1 11 8
2 8 3
3 6 9
t 207 21
m 1 6
1 11 9
2 9 3
3 7 9
t 206 26
m 2 6
1 11 8
2 9 4
3 7 8
t 205 26
m 1 6
1 11 9
2 9 5
3 8 8
t 204 26
m 2 6
1 11 8
2 10 5
3 7 8
t 203 26
m 2 7
1 10 8
2 10 6
3 8 8
t 202 26
m 3 7
1 10 7
2 10 7
3 8 9
t 201 26
m 4 7
1 9 7
2 10 6
3 7 9
t 200 26
m 4 7
1 8 7
2 9 6
3 7 8
t 199 26
m 4 8
1 8 6
2 10 6
3 7 9
t 198 26
m 4 8
1 7 6
2 11 6
3 8 9
t 197 26
m 3 8
1 6 6
2 11 7
3 9 9
t 196 26
m 2 8
1 6 7
2 11 8
3 10 9
t 195 26
m 1 8
1 6 6
2 11 9
3 9 9
t 194 26
m 1 7
1 7 6
2 10 9
3 9 8
t 193 26
m 1 6
1 6 6
2 9 9
3 9 7
t 192 26
m 2 6
1 5 6
2 8 9
3 10 7
t 191 26
m 2 5
1 4 6
2 8 8
3 10 6
t 190 26
m 3 5
1 4 5
2 7 8
3 11 6
t 189 26
m 2 5
1 3 5
2 6 8
3 11 5
t 188 26
m 2 6
1 4 5
2 5 8
3 10 5
t 187 26
m 2 7
1 4 4
2 5 7
3 10 4
t 186 26
m 1 7
1 4 5
2 6 7
3 9 4
t 185 26
m 2 7
1 4 4
2 6 8
3 8 4
t 184 26
m 2 6
1 5 4
2 6 9
3 9 4
t 183 26
m 3 6
1 5 3
2 6 8
3 9 3
t 182 26
m 2 6
1 6 3
2 7 8
3 8 3
t 181 26
m 2 5
1 5 3
2 8 8
3 8 2
t 180 26
m 2 6
1 5 4
2 8 7
3 8 1
t 179 26
m 2 7
1 6 4
2 9 7
3 9 1
t 178 26
m 2 8
1 6 5
2 10 7
3 9 0
t 177 26
m 1 8
1 6 4
2 9 7
3 10 0
t 176 26
m 1 9
1 5 4
2 8 7
3 9 0
t 175 31
m 1 9
1 5 5
2 8 6
3 8 0
t 174 31
m 1 8
1 6 5
2 7 6
3 9 0
t 173 31
m 1 8
1 5 5
2 7 5
3 9 1
t 172 31
m 2 8
1 5 6
2 7 6
3 10 1
t 171 31
m 2 7
1 5 7
2 8 6
3 11 1
t 170 31
m 2 6
1 5 6
2 7 6
3 11 2
t 169 31
m 2 7
1 6 6
2 8 6
3 11 3
t 168 31
m 2 6
1 5 6
2 9 6
3 11 2
t 167 31
m 2 7
1 5 5
2 9 7
3 10 2
t 166 31
m 3 7
1 6 5
2 10 7
3 11 2
t 165 31
m 2 7
1 6 4
2 11 7
3 11 1
t 164 31
m 2 7
1 7 4
2 11 8
3 10 1
t 163 31
m 3 7
1 8 4
2 11 9
3 11 1
t 162 31
m 4 7
1 8 5
2 10 9
3 11 2
t 161 31
m 4 7
1 8 6
2 11 9
3 11 1
t 160 31
m 5 7
1 9 6
2 11 8
3 11 2
t 159 31
m 6 7
1 9 5
2 11 7
3 11 3
t 158 36
m 6 7
1 8 5
2 11 6
3 11 2
t 157 36
m 5 7
1 8 4
2 10 6
3 10 2
t 156 36
m 4 7
1 8 3
2 10 5
3 10 1
t 155 36
m 5 7
1 7 3
2 10 6
3 9 1
t 154 36
m 5 8
1 6 3
2 10 7
3 8 1
t 153 36
m 6 8
1 6 4
2 9 7
3 9 1
t 152 36
m 6 9
1 5 4
2 8 7
3 9 0
t 151 36
m 7 9
1 4 4
2 7 7
3 10 0
t 150 42
m 7 9
1 4 3
2 7 6
3 11 0
t 149 42
m 6 9
1 3 3
2 7 7
3 11 1
t 148 42
m 5 9
1 4 3
2 7 6
3 11 2
t 147 42
m 5 8
1 3 3
2 7 7
3 10 2
t 146 42
m 4 8
1 3 2
2 8 7
3 10 1
t 145 42
m 5 8
1 2 2
2 8 8
3 9 1
t 144 42
m 4 8
1 3 2
2 8 9
3 8 1
t 143 42
m 4 9
1 3 3
2 8 8
3 9 1
t 142 42
m 4 8
1 4 3
2 8 9
3 10 1
t 141 42
m 4 9
1 4 4
2 7 9
3 10 2
t 140 42
m 4 8
1 5 4
2 8 9
3 11 2
t 139 42
m 3 8
1 5 3
2 9 9
3 10 2
t 138 42
m 2 8
1 5 4
2 8 9
3 11 2
t 137 42
m 2 8
1 4 4
2 7 9
3 11 1
t 136 42
m 1 8
1 4 3
2 6 9
3 10 1
t 135 42
m 2 8
1 5 3
2 5 9
3 10 2
t 134 42
m 2 8
1 6 3
2 4 9
3 11 2
t 133 42
m 1 8
1 7 3
2 3 9
3 11 1
t 132 42
m 1 8
1 7 4
2 3 8
3 11 2
t 131 42
m 1 8
1 7 5
2 4 8
3 11 3
t 130 42
m 1 8
1 6 5
2 5 8
3 11 4
t 129 42
m 2 8
1 7 5
2 4 8
3 11 5
t 128 42
m 2 9
1 7 6
2 5 8
3 11 6
t 127 42
m 2 8
1 7 5
2 4 8
3 11 5
t 126 42
m 1 8
1 8 5
2 3 8
3 11 4
t 125 42
m 2 8
1 8 6
2 3 7
3 10 4
t 124 42
m 1 8
1 8 5
2 3 6
3 9 4
t 123 42
m 2 8
1 9 5
2 3 5
3 9 3
t 122 42
m 1 8
1 9 4
2 3 4
3 9 4
t 121 42
m 1 9
1 8 4
2 3 3
3 10 4
t 120 42
m 1 9
1 8 3
2 3 2
3 10 3
t 119 42
m 1 8
1 9 3
2 3 3
3 9 3
t 118 42
m 1 9
1 9 4
2 3 2
3 9 4
t 117 42
m 1 8
1 8 4
2 3 3
3 8 4
t 116 42
m 1 7
1 8 5
2 4 3
3 8 5
t 115 42
m 2 7
1 8 6
2 4 4
3 8 6
t 114 42
m 1 7
1 9 6
2 4 5
3 8 5
t 113 42
m 2 7
1 9 7
2 5 5
3 9 5
t 112 42
m 3 7
1 9 8
2 5 6
3 9 4
t 111 42
m 2 7
1 9 7
2 4 6
3 9 5
t 110 42
m 1 7
1 9 6
2 5 6
3 9 6
t 109 42
m 1 7
1 9 5
2 6 6
3 9 7
t 108 42
m 1 7
1 9 6
2 7 6
3 8 7
t 107 42
m 1 8
1 8 6
2 8 6
3 7 7
t 106 42
m 1 8
1 8 5
2 7 6
3 7 8
t 105 42
m 2 8
1 9 5
2 7 7
3 6 8
t 104 42
m 1 8
1 10 5
2 8 7
3 5 8
t 103 42
m 1 7
1 9 5
2 9 7
3 5 9
t 102 42
m 1 6
1 10 5
2 10 7
3 6 9
t 101 42
m 1 7
1 10 6
2 10 6
3 7 9
t 100 42
m 1 6
1 11 6
2 10 5
3 7 8
t 99 42
m 2 6
1 11 5
2 11 5
3 8 8
t 98 42
m 2 5
1 11 6
2 11 6
3 7 8
t 97 42
m 3 5
1 11 5
2 11 5
3 7 9
t 96 42
m 2 5
1 11 6
2 10 5
3 6 9
t 95 42
m 2 5
1 11 7
2 9 5
3 5 9
t 94 42
m 2 6
1 11 8
2 9 6
3 6 9
t 93 42
m 2 5
1 11 9
2 9 7
3 7 9
t 92 42
m 2 6
1 10 9
2 10 7
3 8 9
t 91 42
m 2 6
1 9 9
2 10 6
3 7 9
t 90 42
m 3 6
1 8 9
2 11 6
3 6 9
t 89 42
m 3 5
1 7 9
2 11 5
3 7 9
t 88 42
m 4 5
1 8 9
2 10 5
3 7 8
t 87 42
m 5 5
1 7 9
2 10 6
3 7 7
t 86 42
m 5 5
1 7 8
2 9 6
3 7 8
t 85 42
m 6 5
1 7 7
2 9 5
3 6 8
t 84 42
m 7 5
1 7 6
2 9 4
3 6 7
t 83 47
m 7 4
1 7 7
2 9 3
3 6 6
t 82 52
m 8 4
1 7 8
2 9 2
3 5 6
t 81 57
m 8 3
1 6 8
2 9 1
3 5 5
t 80 57
m 7 3
1 5 8
2 9 2
3 4 5
t 79 57
m 6 3
1 5 7
2 10 2
3 4 4
t 78 57
m 6 3
1 5 8
2 11 2
3 3 4
t 77 57
m 6 2
1 5 9
2 11 3
3 3 5
t 76 57
m 6 2
1 5 8
2 11 4
3 2 5
t 75 57
m 6 1
1 4 8
2 11 3
3 2 4
t 74 57
m 6 2
1 4 9
2 11 2
3 2 5
t 73 57
m 6 3
1 5 9
2 10 2
3 3 5
t 72 57
m 6 3
1 4 9
2 10 1
3 3 4
t 71 57
m 6 4
1 5 9
2 11 1
3 4 4
t 70 57
m 6 5
1 5 8
2 11 2
3 5 4
t 69 57
m 6 4
1 4 8
2 11 3
3 4 4
t 68 57
m 6 4
1 4 9
2 11 2
3 3 4
t 67 57
m 6 3
1 3 9
2 11 3
3 3 5
t 66 57
m 6 4
1 4 9
2 11 4
3 2 5
t 65 57
m 7 4
1 5 9
2 11 5
3 1 5
t 64 57
m 7 4
1 4 9
2 11 4
3 1 6
t 63 57
m 8 4
1 3 9
2 10 4
3 0 6
t 62 57
m 9 4
1 3 8
2 11 4
3 0 5
t 61 63
m 9 5
1 3 7
2 10 4
3 1 5
t 60 63
m 9 6
1 3 8
2 11 4
3 2 5
t 59 68
m 9 5
1 2 8
2 11 5
3 3 5
t 58 68
m 9 6
1 2 7
2 11 4
3 2 5
t 57 68
m 8 6
1 3 7
2 10 4
3 2 6
t 56 68
m 9 6
1 2 7
2 10 3
3 2 7
t 55 68
m 8 6
1 2 6
2 11 3
3 2 8
t 54 68
m 9 6
1 3 6
2 10 3
3 2 9
t 53 68
m 9 5
1 2 6
2 9 3
3 1 9
t 52 68
m 9 6
1 3 6
2 8 3
3 0 9
t 51 68
m 9 5
1 2 6
2 9 3
3 1 9
t 50 68
m 9 5
1 1 6
2 9 2
3 1 8
t 49 68
m 10 5
1 0 6
2 10 2
3 2 8
t 48 68
m 10 6
1 1 6
2 10 1
3 1 8
t 47 68
m 11 6
1 1 7
2 9 1
3 0 8
t 46 68
m 11 5
1 2 7
2 10 1
3 0 9
t 45 68
m 11 6
1 1 7
2 10 2
3 0 8
t 44 68
m 11 7
1 2 7
2 10 1
3 0 7
t 43 68
m 11 8
1 2 6
2 11 1
3 1 7
t 42 73
m 11 8
1 1 6
2 11 2
3 1 6
t 41 73
m 10 8
1 0 6
2 10 2
3 2 6
t 40 73
m 11 8
1 0 7
2 10 3
3 2 7
t 39 73
m 11 9
1 0 8
2 10 2
3 2 8
t 38 78
m 10 9
1 0 7
2 9 2
3 3 8
t 37 78
m 10 8
1 0 8
2 10 2
3 3 9
t 36 78
m 9 8
1 0 9
2 10 3
3 4 9
t 35 78
m 9 9
1 0 8
2 10 4
3 4 8
t 34 78
m 9 8
1 0 7
2 10 3
3 4 7
t 33 78
m 10 8
1 0 6
2 10 2
3 5 7
t 32 78
m 11 8
1 0 7
2 10 3
3 5 6
t 31 78
m 10 8
1 0 8
2 10 2
3 4 6
t 30 78
m 11 8
1 1 8
2 10 1
3 4 5
t 29 78
m 11 9
1 0 8
2 10 0
3 4 4
t 28 78
m 11 8
1 0 7
2 10 1
3 4 5
t 27 78
m 10 8
1 0 8
2 9 1
3 4 6
t 26 78
m 10 8
1 0 7
2 10 1
3 4 7
t 25 78
m 11 8
1 0 8
2 10 0
3 4 6
t 24 78
m 11 7
1 1 8
2 11 0
3 4 5
t 23 78
m 10 7
1 2 8
2 11 1
3 3 5
t 22 78
m 11 7
1 1 8
2 11 2
3 4 5
t 21 78
m 11 6
1 0 8
2 11 1
3 5 5
t 20 78
m 11 6
1 0 9
2 11 2
3 4 5
t 19 78
m 11 7
1 0 8
2 10 2
3 5 5
t 18 78
m 11 6
1 0 9
2 9 2
3 5 4
t 17 78
m 11 7
1 1 9
2 10 2
3 6 4
t 16 78
m 11 8
1 2 9
2 10 3
3 6 5
t 15 78
m 11 8
1 3 9
2 9 3
3 6 4
t 14 78
m 11 8
1 4 9
2 9 2
3 5 4
t 13 78
m 11 9
1 5 9
2 10 2
3 6 4
t 12 78
m 11 9
1 5 8
2 9 2
3 6 5
t 11 78
m 11 9
1 4 8
2 9 3
3 7 5
t 10 78
m 11 8
1 4 9
2 8 3
3 7 4
t 9 78
m 11 8
1 4 8
2 8 4
3 7 5
t 8 78
m 11 9
1 4 9
2 8 5
3 7 6
t 7 78
m 11 8
1 4 8
2 8 6
3 7 7
t 6 78
m 11 7
1 4 9
2 8 5
3 7 6
t 5 78
m 11 7
1 5 9
2 7 5
3 6 6
t 4 78
m 11 7
1 4 9
2 7 4
3 5 6
t 3 78
m 11 6
1 5 9
2 8 4
3 5 7
t 2 78
m 11 7
1 6 9
2 8 5
3 5 8
t 1 78
m 11 8
1 7 9
2 7 5
3 6 8
t 0 78
