15
10
m 0 0
1 14 9
2 14 9
3 14 9
p 0 1
p 0 2
p 0 3
p 0 5
p 0 7
p 1 0
p 1 4
p 1 5
p 1 6
p 1 8
p 2 0
p 2 1
p 2 2
p 2 3
p 2 9
p 3 1
p 3 2
p 3 3
p 3 7
p 4 0
p 4 1
p 4 4
p 4 5
p 4 7
p 4 9
p 5 0
p 5 4
p 5 6
p 5 7
p 5 9
p 6 1
p 6 4
p 7 0
p 7 1
p 7 2
p 7 3
p 7 4
p 7 5
p 7 7
p 7 8
p 7 9
p 8 0
p 8 1
p 8 2
p 8 7
p 9 0
p 9 2
p 9 3
p 10 4
p 10 7
p 11 1
p 11 3
p 11 4
p 11 5
p 11 6
p 11 7
p 11 9
p 12 0
p 12 7
p 12 8
p 13 1
p 13 5
p 13 6
p 13 8
p 14 1
p 14 2
p 14 4
p 14 5
p 14 6
p 14 8
t 300 0
m 0 0
1 13 9
2 14 8
3 14 8
t 299 0
m 1 0
1 13 8
2 14 9
3 13 8
t 298 1
m 1 1
1 14 8
2 14 8
3 13 9
t 297 1
m 2 1
1 13 8
2 14 7
3 12 9
t 296 2
m 1 1
1 13 9
2 14 8
3 13 9
t 295 2
m 1 1
1 12 9
2 14 7
3 14 9
t 294 2
m 1 2
1 13 9
2 13 7
3 13 9
t 293 2
m 2 2
1 13 8
2 13 8
3 13 8
t 292 4
m 3 2
1 13 9
2 14 8
3 13 7
t 291 5
m 3 1
1 13 8
2 14 7
3 12 7
t 290 7
m 3 1
1 13 7
2 14 8
3 11 7
t 289 7
m 4 1
1 12 7
2 14 7
3 11 8
t 288 8
m 4 1
1 11 7
2 14 6
3 12 8
t 287 8
m 4 2
1 11 8
2 14 7
3 13 8
t 286 8
m 3 2
1 11 9
2 14 6
3 12 8
t 285 8
m 4 2
1 10 9
2 14 7
3 12 9
t 284 8
m 3 2
1 11 9
2 14 6
3 13 9
t 283 8
m 4 2
1 12 9
2 14 5
3 13 8
t 282 8
m 3 2
1 13 9
2 14 4
3 13 7
t 281 8
m 2 2
1 14 9
2 14 3
3 13 8
t 280 8
m 2 1
1 14 8
2 14 4
3 12 8
t 279 8
m 3 1
1 14 7
2 14 5
3 12 9
t 278 8
m 3 2
1 13 7
2 14 4
3 12 8
t 277 8
m 2 2
1 14 7
2 14 5
3 12 9
t 276 8
m 2 3
1 14 8
2 14 6
3 11 9
t 275 10
m 1 3
1 13 8
2 14 7
3 10 9
t 274 10
m 2 3
1 14 8
2 14 8
3 11 9
t 273 10
m 2 4
1 14 7
2 14 7
3 10 9
t 272 10
m 2 5
1 14 6
2 13 7
3 9 9
t 271 10
m 2 5
1 14 7
2 13 6
3 10 9
t 270 10
m 1 5
1 13 7
2 12 6
3 10 8
t 269 11
m 1 6
1 13 6
2 11 6
3 10 9
t 268 12
m 1 6
1 13 7
2 11 5
3 11 9
t 267 12
m 1 7
1 12 7
2 12 5
3 10 9
t 266 12
m 1 7
1 12 6
2 12 4
3 11 9
t 265 12
m 1 6
1 13 6
2 13 4
3 12 9
t 264 12
m 1 5
1 12 6
2 12 4
3 12 8
t 263 12
m 2 5
1 11 6
2 12 3
3 12 7
t 262 12
m 2 4
1 11 5
2 11 3
3 11 7
t 261 12
m 2 5
1 11 4
2 10 3
3 11 6
t 260 12
m 3 5
1 10 4
2 10 2
3 11 7
t 259 12
m 3 4
1 11 4
2 11 2
3 12 7
t 258 12
m 3 4
1 11 3
2 10 2
3 11 7
t 257 12
m 2 4
1 11 2
2 11 2
3 11 6
t 256 12
m 3 4
1 11 1
2 10 2
3 12 6
t 255 12
m 3 4
1 12 1
2 9 2
3 12 5
t 254 12
m 2 4
1 12 2
2 10 2
3 13 5
t 253 12
m 2 3
1 12 1
2 11 2
3 13 4
t 252 12
m 2 4
1 12 2
2 10 2
3 12 4
t 251 12
m 1 4
1 12 3
2 10 3
3 13 4
t 250 14
m 1 4
1 12 2
2 11 3
3 14 4
t 249 14
m 2 4
1 12 3
2 10 3
3 14 5
t 248 14
m 2 5
1 12 4
2 10 2
3 13 5
t 247 14
m 2 6
1 12 3
2 9 2
3 14 5
t 246 14
m 1 6
1 13 3
2 9 3
3 14 6
t 245 14
m 1 5
1 14 3
2 8 3
3 13 6
t 244 14
m 1 6
1 14 4
2 8 4
3 12 6
t 243 14
m 1 6
1 13 4
2 8 3
3 12 5
t 242 14
m 1 6
1 12 4
2 7 3
3 12 6
t 241 14
m 1 6
1 11 4
2 8 3
3 12 7
t 240 14
m 1 5
1 10 4
2 8 4
3 13 7
t 239 14
m 1 6
1 10 5
2 8 3
3 12 7
t 238 14
m 1 7
1 11 5
2 9 3
3 11 7
t 237 14
m 1 6
1 12 5
2 10 3
3 11 6
t 236 14
m 2 6
1 13 5
2 9 3
3 10 6
t 235 14
m 1 6
1 13 4
2 9 2
3 11 6
t 234 14
m 1 6
1 12 4
2 8 2
3 11 5
t 233 14
m 1 5
1 12 5
2 8 3
3 10 5
t 232 14
m 1 6
1 12 6
2 9 3
3 10 6
t 231 14
m 1 7
1 12 5
2 9 4
3 10 5
t 230 14
m 1 7
1 13 5
2 9 3
3 11 5
t 229 14
m 1 8
1 13 6
2 10 3
3 11 6
t 228 15
m 2 8
1 13 5
2 11 3
3 10 6
t 227 15
m 3 8
1 13 6
2 11 4
3 10 7
t 226 15
m 4 8
1 13 7
2 12 4
3 10 6
t 225 15
m 4 7
1 14 7
2 13 4
3 10 5
t 224 17
m 5 7
1 14 8
2 14 4
3 10 4
t 223 18
m 5 8
1 14 9
2 13 4
3 10 5
t 222 18
m 5 9
1 13 9
2 12 4
3 11 5
t 221 20
m 6 9
1 13 8
2 12 3
3 11 4
t 220 20
m 6 8
1 13 9
2 11 3
3 10 4
t 219 20
m 7 8
1 12 9
2 10 3
3 11 4
t 218 21
m 8 8
1 13 9
2 10 2
3 12 4
t 217 21
m 8 9
1 12 9
2 11 2
3 12 5
t 216 21
m 7 9
1 12 8
2 12 2
3 12 6
t 215 22
m 8 9
1 12 7
2 13 2
3 13 6
t 214 22
m 8 9
1 12 8
2 12 2
3 13 5
t 213 22
m 7 9
1 12 7
2 12 1
3 13 4
t 212 22
m 7 9
1 11 7
2 11 1
3 12 4
t 211 22
m 6 9
1 12 7
2 11 0
3 12 3
t 210 22
m 7 9
1 11 7
2 11 1
3 13 3
t 209 22
m 7 8
1 11 6
2 12 1
3 12 3
t 208 22
m 7 9
1 11 7
2 11 1
3 11 3
t 207 22
m 6 9
1 11 6
2 10 1
3 12 3
t 206 22
m 5 9
1 11 5
2 9 1
3 12 2
t 205 22
m 6 9
1 11 4
2 9 0
3 11 2
t 204 22
m 5 9
1 11 5
2 10 0
3 10 2
t 203 22
m 6 9
1 10 5
2 10 1
3 10 3
t 202 22
m 6 8
1 11 5
2 11 1
3 11 3
t 201 22
m 5 8
1 11 6
2 11 0
3 11 2
t 200 22
m 5 9
1 11 7
2 10 0
3 11 1
t 199 22
m 4 9
1 11 6
2 10 1
3 10 1
t 198 24
m 3 9
1 11 7
2 10 2
3 9 1
t 197 24
m 3 9
1 11 6
2 10 1
3 9 2
t 196 24
m 3 8
1 10 6
2 10 2
3 9 1
t 195 24
m 3 8
1 9 6
2 10 3
3 10 1
t 194 24
m 3 9
1 10 6
2 10 2
3 10 0
t 193 24
m 3 8
1 11 6
2 11 2
3 11 0
t 192 24
m 2 8
1 12 6
2 12 2
3 10 0
t 191 24
m 1 8
1 12 7
2 13 2
3 10 1
t 190 24
m 2 8
1 12 6
2 12 2
3 9 1
t 189 24
m 2 8
1 13 6
2 12 3
3 9 0
t 188 24
m 2 9
1 14 6
2 13 3
3 9 1
t 187 25
m 2 8
1 14 7
2 13 2
3 8 1
t 186 25
m 2 9
1 14 6
2 13 1
3 8 2
t 185 25
m 2 9
1 14 5
2 14 1
3 8 3
t 184 25
m 3 9
1 14 6
2 14 0
3 8 4
t 183 25
m 3 8
1 14 7
2 14 1
3 8 5
t 182 25
m 4 8
1 14 6
2 14 0
3 8 4
t 181 25
m 5 8
1 14 7
2 14 1
3 8 5
t 180 25
m 5 7
1 14 6
2 13 1
3 7 5
t 179 25
m 5 7
1 14 7
2 13 2
3 7 4
t 178 25
m 6 7
1 14 6
2 12 2
3 7 5
t 177 25
m 6 7
1 14 5
2 12 1
3 7 6
t 176 25
m 5 7
1 13 5
2 11 1
3 7 7
t 175 25
m 5 6
1 12 5
2 12 1
3 7 8
t 174 27
m 5 6
1 13 5
2 13 1
3 7 9
t 173 27
m 6 6
1 14 5
2 13 2
3 6 9
t 172 27
m 6 5
1 14 4
2 13 1
3 5 9
t 171 27
m 7 5
1 14 5
2 14 1
3 5 8
t 170 28
m 6 5
1 14 4
2 14 2
3 6 8
t 169 28
m 6 6
1 14 5
2 13 2
3 6 9
t 168 28
m 6 5
1 14 6
2 13 3
3 6 8
t 167 28
m 6 6
1 14 7
2 14 3
3 6 9
t 166 28
m 6 7
1 14 6
2 13 3
3 6 8
t 165 28
m 6 6
1 14 7
2 12 3
3 5 8
t 164 28
m 6 5
1 14 6
2 13 3
3 4 8
t 163 28
m 7 5
1 14 5
2 14 3
3 4 9
t 162 28
m 7 4
1 13 5
2 14 2
3 5 9
t 161 30
m 7 5
1 13 6
2 13 2
3 6 9
t 160 30
m 7 4
1 13 5
2 12 2
3 6 8
t 159 30
m 8 4
1 12 5
2 12 3
3 5 8
t 158 30
m 8 3
1 12 6
2 11 3
3 4 8
t 157 30
m 8 3
1 13 6
2 11 2
3 5 8
t 156 30
m 7 3
1 13 5
2 11 3
3 5 7
t 155 31
m 7 4
1 13 6
2 12 3
3 5 6
t 154 31
m 8 4
1 12 6
2 13 3
3 5 7
t 153 31
m 8 3
1 11 6
2 13 4
3 6 7
t 152 31
m 7 3
1 10 6
2 12 4
3 6 6
t 151 31
m 8 3
1 9 6
2 13 4
3 6 7
t 150 31
m 8 3
1 9 5
2 13 3
3 6 8
t 149 31
m 8 3
1 10 5
2 13 4
3 7 8
t 148 31
m 8 2
1 11 5
2 13 5
3 6 8
t 147 32
m 7 2
1 11 6
2 13 6
3 6 9
t 146 34
m 8 2
1 10 6
2 14 6
3 6 8
t 145 34
m 8 1
1 11 6
2 14 7
3 6 7
t 144 35
m 8 1
1 12 6
2 14 6
3 7 7
t 143 35
m 8 2
1 12 7
2 14 5
3 8 7
t 142 35
m 7 2
1 13 7
2 14 4
3 7 7
t 141 35
m 7 2
1 12 7
2 14 5
3 8 7
t 140 35
m 7 1
1 11 7
2 14 4
3 9 7
t 139 37
m 8 1
1 10 7
2 14 5
3 8 7
t 138 37
m 9 1
1 10 8
2 13 5
3 8 6
t 137 37
m 9 2
1 10 7
2 14 5
3 9 6
t 136 38
m 8 2
1 11 7
2 13 5
3 8 6
t 135 38
m 8 2
1 12 7
2 12 5
3 8 7
t 134 38
m 8 2
1 12 8
2 12 6
3 8 8
t 133 38
m 8 2
1 12 7
2 12 5
3 9 8
t 132 38
m 8 2
1 12 6
2 11 5
3 8 8
t 131 38
m 8 1
1 11 6
2 11 6
3 7 8
t 130 38
m 9 1
1 11 5
2 11 5
3 8 8
t 129 38
m 9 1
1 11 6
2 11 4
3 9 8
t 128 38
m 9 2
1 10 6
2 10 4
3 9 9
t 127 38
m 9 3
1 11 6
2 9 4
3 9 8
t 126 40
m 9 2
1 11 7
2 10 4
3 10 8
t 125 40
m 9 2
1 11 6
2 9 4
3 9 8
t 124 40
m 9 1
1 10 6
2 9 3
3 9 7
t 123 40
m 9 1
1 11 6
2 10 3
3 9 8
t 122 40
m 8 1
1 10 6
2 10 2
3 10 8
t 121 40
m 8 2
1 10 5
2 10 3
3 10 9
t 120 40
m 8 2
1 10 6
2 9 3
3 9 9
t 119 40
m 8 1
1 9 6
2 9 2
3 10 9
t 118 40
m 8 1
1 9 5
2 9 1
3 10 8
t 117 40
m 7 1
1 9 6
2 8 1
3 10 7
t 116 40
m 7 2
1 8 6
2 9 1
3 9 7
t 115 40
m 7 1
1 7 6
2 9 2
3 8 7
t 114 40
m 7 1
1 7 5
2 8 2
3 8 8
t 113 40
m 7 1
1 6 5
2 9 2
3 8 7
t 112 40
m 6 1
1 7 5
2 10 2
3 7 7
t 111 41
m 7 1
1 7 4
2 10 1
3 7 6
t 110 41
m 8 1
1 7 5
2 10 2
3 7 7
t 109 41
m 7 1
1 7 6
2 10 3
3 7 6
t 108 41
m 7 1
1 6 6
2 10 4
3 7 7
t 107 41
m 8 1
1 6 7
2 10 3
3 7 8
t 106 41
m 8 1
1 7 7
2 10 2
3 7 7
t 105 41
m 8 1
1 6 7
2 10 1
3 8 7
t 104 41
m 8 1
1 5 7
2 9 1
3 9 7
t 103 41
m 7 1
1 6 7
2 9 2
3 8 7
t 102 41
m 7 2
1 5 7
2 9 3
3 8 8
t 101 41
m 8 2
1 6 7
2 10 3
3 9 8
t 100 41
m 8 1
1 6 8
2 11 3
3 8 8
t 99 41
m 7 1
1 6 9
2 10 3
3 8 7
t 98 41
m 7 1
1 6 8
2 10 2
3 8 6
t 97 41
m 6 1
1 6 7
2 10 1
3 9 6
t 96 41
m 6 1
1 7 7
2 11 1
3 10 6
t 95 41
m 7 1
1 8 7
2 11 0
3 10 5
t 94 41
m 6 1
1 7 7
2 11 1
3 9 5
t 93 41
m 6 1
1 7 6
2 11 2
3 9 6
t 92 41
m 5 1
1 6 6
2 10 2
3 10 6
t 91 41
m 4 1
1 6 5
2 10 1
3 10 5
t 90 41
m 5 1
1 7 5
2 10 0
3 11 5
t 89 41
m 6 1
1 6 5
2 9 0
3 12 5
t 88 41
m 7 1
1 6 4
2 9 1
3 11 5
t 87 41
m 6 1
1 5 4
2 10 1
3 12 5
t 86 41
m 6 2
1 5 5
2 10 0
3 13 5
t 85 41
m 6 3
1 6 5
2 11 0
3 14 5
t 84 41
m 7 3
1 6 4
2 11 1
3 14 6
t 83 41
m 7 2
1 5 4
2 11 0
3 13 6
t 82 41
m 7 1
1 4 4
2 11 1
3 14 6
t 81 41
m 7 2
1 5 4
2 12 1
3 14 7
t 80 41
m 7 1
1 4 4
2 11 1
3 13 7
t 79 41
m 8 1
1 3 4
2 10 1
3 14 7
t 78 41
m 8 2
1 3 5
2 11 1
3 13 7
t 77 41
m 8 2
1 4 5
2 12 1
3 13 8
t 76 41
m 8 3
1 4 4
2 12 0
3 13 7
t 75 41
m 8 2
1 4 3
2 12 1
3 14 7
t 74 41
m 8 3
1 5 3
2 12 0
3 14 6
t 73 41
m 8 3
1 5 2
2 11 0
3 14 7
t 72 41
m 7 3
1 5 3
2 10 0
3 14 8
t 71 41
m 7 2
1 6 3
2 9 0
3 14 9
t 70 41
m 8 2
1 6 2
2 10 0
3 13 9
t 69 41
m 8 3
1 7 2
2 9 0
3 12 9
t 68 41
m 8 4
1 8 2
2 8 0
3 12 8
t 67 41
m 7 4
1 8 3
2 9 0
3 12 9
t 66 41
m 7 5
1 8 4
2 9 1
3 11 9
t 65 41
m 8 5
1 9 4
2 9 2
3 10 9
t 64 41
m 7 5
1 8 4
2 9 1
3 9 9
t 63 41
m 6 5
1 8 3
2 8 1
3 9 8
t 62 41
m 7 5
1 8 2
2 7 1
3 8 8
t 61 41
m 7 6
1 7 2
2 7 0
3 7 8
t 60 41
m 7 6
1 7 3
2 7 1
3 7 9
t 59 41
m 7 7
1 7 2
2 7 2
3 7 8
t 58 42
m 6 7
1 6 2
2 6 2
3 7 7
t 57 42
m 6 6
1 7 2
2 7 2
3 7 6
t 56 42
m 6 5
1 6 2
2 8 2
3 7 5
t 55 42
m 5 5
1 5 2
2 8 3
3 8 5
t 54 42
m 6 5
1 5 1
2 8 2
3 9 5
t 53 42
m 6 5
1 4 1
2 7 2
3 8 5
t 52 42
m 6 6
1 4 0
2 7 1
3 8 4
t 51 42
m 6 5
1 3 0
2 7 0
3 8 5
t 50 42
m 7 5
1 3 1
2 6 0
3 8 6
t 49 42
m 6 5
1 3 0
2 5 0
3 8 7
t 48 42
m 6 5
1 4 0
2 5 1
3 8 8
t 47 42
m 5 5
1 4 1
2 5 2
3 9 8
t 46 42
m 5 5
1 5 1
2 5 3
3 9 9
t 45 42
m 6 5
1 4 1
2 6 3
3 8 9
t 44 42
m 7 5
1 4 0
2 7 3
3 8 8
t 43 42
m 6 5
1 3 0
2 6 3
3 9 8
t 42 42
m 7 5
1 3 1
2 6 4
3 10 8
t 41 42
m 8 5
1 4 1
2 6 5
3 11 8
t 40 42
m 8 6
1 4 0
2 6 6
3 12 8
t 39 42
m 8 6
1 5 0
2 7 6
3 13 8
t 38 42
m 8 7
1 5 1
2 6 6
3 13 7
t 37 44
m 8 8
1 4 1
2 7 6
3 14 7
t 36 44
m 9 8
1 4 0
2 6 6
3 14 6
t 35 44
m 9 7
1 3 0
2 6 7
3 14 7
t 34 44
m 9 6
1 2 0
2 7 7
3 14 8
t 33 44
m 9 5
1 3 0
2 7 6
3 13 8
t 32 44
m 9 4
1 3 1
2 6 6
3 13 9
t 31 44
m 9 4
1 2 1
2 6 7
3 13 8
t 30 44
m 9 5
1 3 1
2 6 6
3 14 8
t 29 44
m 10 5
1 3 0
2 6 5
3 14 7
t 28 44
m 10 6
1 4 0
2 6 6
3 13 7
t 27 44
m 10 7
1 4 1
2 5 6
3 13 6
t 26 45
m 10 8
1 4 0
2 4 6
3 13 5
t 25 45
m 10 7
1 4 1
2 4 5
3 14 5
t 24 45
m 11 7
1 3 1
2 5 5
3 14 6
t 23 47
m 11 8
1 3 2
2 6 5
3 14 5
t 22 47
m 11 8
1 4 2
2 6 6
3 14 4
t 21 47
m 12 8
1 3 2
2 6 5
3 14 5
t 20 48
m 12 9
1 3 3
2 6 6
3 14 6
t 19 48
m 11 9
1 2 3
2 5 6
3 14 5
t 18 50
m 11 9
1 3 3
2 6 6
3 14 6
t 17 50
m 11 8
1 2 3
2 5 6
3 14 5
t 16 50
m 11 9
1 3 3
2 6 6
3 14 4
t 15 50
m 11 9
1 4 3
2 6 7
3 14 5
t 14 50
m 11 9
1 4 4
2 6 6
3 14 6
t 13 50
m 10 9
1 4 3
2 6 5
3 13 6
t 12 50
m 10 9
1 3 3
2 5 5
3 14 6
t 11 50
m 9 9
1 3 2
2 6 5
3 14 5
t 10 50
m 9 8
1 4 2
2 6 4
3 14 6
t 9 50
m 9 7
1 5 2
2 7 4
3 14 7
t 8 50
m 10 7
1 5 3
2 7 5
3 13 7
t 7 50
m 10 8
1 5 2
2 6 5
3 12 7
t 6 50
m 10 7
1 5 1
2 6 4
3 13 7
t 5 50
m 10 7
1 5 2
2 7 4
3 13 6
t 4 50
m 11 7
1 6 2
2 7 3
3 13 5
t 3 50
m 12 7
1 7 2
2 7 4
3 13 6
t 2 51
m 11 7
1 7 3
2 8 4
3 13 7
t 1 51
m 11 7
1 7 4
2 9 4
3 12 7
t 0 51
