Run 0
45 10
45 10
45 10
43 11
45 10
43 11
40 12
40 12
40 12
37 13
43 11
43 11
40 12
40 12
37 13
40 12
37 13
37 13
37 13
40 12
37 13
37 13
37 13
37 13
34 14
34 14
31 15
27 16
22 17
15 18
8 19
Run 1
50 7
49 8
48 9
46 10
40 12
40 12
43 11
40 12
37 13
43 11
40 12
40 12
40 12
37 13
37 13
34 14
40 12
37 13
34 14
37 13
34 14
37 13
37 13
34 14
37 13
34 14
31 15
27 16
7 19
Run 2
47 8
46 9
46 9
46 9
45 10
43 11
40 12
34 14
34 14
40 12
37 13
37 13
31 15
18 17
18 17
Run 3
37 13
34 14
34 14
47 9
47 9
46 10
43 11
43 11
37 13
43 11
40 12
40 12
40 12
37 13
40 12
37 13
34 14
40 12
37 13
37 13
34 14
40 12
37 13
34 14
34 14
31 15
27 16
21 17
Run 4
49 8
43 11
40 12
46 10
40 12
43 11
40 12
37 13
40 12
37 13
43 11
40 12
40 12
37 13
43 11
40 12
40 12
37 13
37 13
34 14
40 12
37 13
37 13
37 13
34 14
37 13
34 14
31 15
27 16
Run 5
50 5
48 9
46 10
43 11
43 11
40 12
43 11
40 12
40 12
37 13
43 11
40 12
37 13
40 12
37 13
37 13
43 11
40 12
40 12
37 13
40 12
37 13
34 14
40 12
37 13
37 13
34 14
37 13
34 14
34 14
31 15
27 16
22 17
15 18
15 18
15 18
8 19
8 19
0 20
Run 6
36 13
34 14
47 9
45 10
42 11
36 13
39 12
42 11
39 12
39 12
36 13
36 13
39 12
36 13
36 13
39 12
39 12
39 12
36 13
36 13
30 15
26 16
21 17
13 18
Run 7
29 15
29 15
29 15
25 16
50 5
49 8
47 9
45 10
45 10
43 11
40 12
45 10
40 12
40 12
37 13
34 14
29 15
29 15
Run 8
49 8
43 11
46 10
43 11
43 11
40 12
43 11
40 12
40 12
37 13
43 11
40 12
37 13
40 12
40 12
34 14
43 11
40 12
37 13
40 12
37 13
37 13
34 14
37 13
34 14
Run 9
45 10
47 9
45 10
45 10
43 11
45 10
40 12
40 12
37 13
40 12
37 13
37 13
34 14
45 10
37 13
34 14
31 15
22 17
Run 10
44 10
42 11
42 11
50 5
50 5
49 7
48 8
37 13
34 14
30 15
20 17
48 8
44 10
40 12
37 13
37 13
25 16
15 18
Run 11
49 7
48 8
47 9
45 10
42 11
42 11
45 10
42 11
42 11
42 11
37 13
42 11
42 11
33 14
22 16
Run 12
48 8
49 5
46 9
44 10
44 10
44 10
40 12
40 12
37 13
46 9
44 10
44 10
37 13
37 13
34 14
34 14
30 15
30 15
20 17
Run 13
50 7
49 8
43 11
40 12
48 9
46 10
43 11
43 11
40 12
40 12
37 13
40 12
40 12
37 13
37 13
34 14
40 12
40 12
37 13
37 13
34 14
40 12
37 13
37 13
34 14
43 11
40 12
40 12
40 12
37 13
34 14
31 15
27 16
22 17
14 18
Run 14
49 8
49 8
48 9
45 10
45 10
45 10
45 10
43 11
45 10
40 12
37 13
40 12
37 13
34 14
19 17
12 18
Run 15
33 14
47 7
45 9
46 8
40 12
37 13
33 14
33 14
33 14
30 15
33 14
33 14
22 17
33 14
14 18
6 19
Run 16
46 8
45 9
42 11
50 2
49 6
37 13
42 11
37 13
34 14
37 13
34 14
37 13
34 14
34 14
31 15
27 16
22 17
14 18
Run 17
50 5
49 8
43 11
48 9
46 10
43 11
43 11
40 12
40 12
40 12
43 11
43 11
40 12
40 12
37 13
34 14
37 13
26 16
18 17
